62
-77278 -81420
-87486 78502
-83476 81671
-98085 68871
63414 -91743
-85936 107903
-36700 -4036
-67128 88487
100545 -64458
-81628 24868
88263 110143
72623 44268
85064 -29715
44343 2440
-18053 61694
559 65090
19202 12642
90687 79287
-4487 95165
11809 49440
36773 -35703
16684 25532
78259 -11075
91207 -75022
-87954 59125
86394 15375
102464 -41211
-107722 -74760
-29159 -31936
43935 -56396
-305 -60037
79933 82147
62899 100369
-81090 8881
37372 -10831
-11779 45335
80615 15263
103718 -89525
-73832 29648
-71140 -9923
91187 5384
-26962 -1975
-104194 101335
-89711 -42642
-97973 72709
-72202 -92267
-66904 25641
-93197 -85357
-16093 -22069
90409 -5797
-50481 -102438
70963 22313
17071 79701
3434 81408
-62262 -86442
-98923 105970
-110720 18030
-26312 13402
-48850 27878
-5247 103970
74191 -15360
50204 97246
