51
86608 45017
-51569 8862
15779 -71346
-5794 61336
37254 23717
16786 9068
60785 -85435
-95292 -6285
-79509 9412
57251 -22362
-26097 -2109
-90503 45520
35558 -80303
83000 61216
-74885 64301
-78451 -57725
-50619 34958
-80201 16551
-60127 -88868
72565 -66914
-39663 83384
-90807 36063
57001 -8389
-96362 4499
32227 60210
91569 -64002
-54801 91551
15657 -41069
-10798 -13370
40554 32233
-6008 -20202
30131 -42516
35779 25683
42346 93641
-21313 -72706
10123 -81949
-23902 -98797
17075 -42944
-78423 -2565
-3713 -84921
77557 59636
-82604 -61028
-45939 -24952
1832 -15149
-15207 11871
-64877 97628
48231 -64944
47698 -56110
-52321 -72596
65928 -48053
-32102 52735
