89
28443 125150
-72251 53353
-125561 13355
122240 -132796
-132285 64672
-101986 94761
-21227 -16037
36018 -65797
-116204 -110326
74937 -61267
-17897 32775
49768 -7721
-101388 3707
-116031 -34634
16789 8450
-3123 -96896
40236 28074
16150 -69747
-13033 -61153
65299 -92281
59290 -114814
38079 41521
58671 29090
-21947 -38502
98927 66929
-128115 19833
-116699 105974
-79099 -1446
14523 63191
-65985 -100936
84290 131167
-90569 35427
-87730 -48266
91743 108911
-16221 132786
-6559 90503
111975 107621
-79473 -19525
-121004 -58628
-50618 76407
-126886 -69005
-80924 -41841
5138 -8910
-5110 -68592
122148 5741
-125590 -3927
-85841 114887
-73131 -121329
112444 45928
-106788 1893
-93047 -96806
49755 -30932
71268 -6049
-67928 -10301
-108046 39233
-17779 -63227
124935 72540
26779 -32338
22407 -28597
-130326 -81496
96391 -79181
29567 39697
28918 75545
29030 84777
79100 131026
105933 -90673
-49368 -90232
-47093 22824
-3469 -109994
-4473 58144
66691 -1641
-31456 125151
-11416 -102232
110782 -964
-69474 45782
-74311 115391
70824 120006
-46028 -95267
-24067 110577
9575 111661
17882 -29322
-88747 -77620
-133022 29595
50801 -80070
-112392 -88420
-65635 -112812
-77268 -89720
-59400 -55683
-127450 -59457
