96
125260 -42599
91548 119353
88562 -46457
-50134 24714
-21869 -49226
54152 97861
70543 111783
122048 -86787
7627 26829
-60060 9673
-54843 45150
-127419 114599
-101414 -40208
110513 -89526
79689 41062
114732 -50733
24168 -48237
71233 -92348
99956 35260
61418 -32196
-36772 81625
77964 118446
-65877 20940
28738 -101872
-98257 -52590
-84936 117025
11825 42503
-26086 47225
-51813 94227
-76434 61410
61401 -104893
127781 -137100
51797 -51130
-66407 -2941
-46389 97022
-29521 5016
61202 115547
93337 39162
-32366 124440
41879 -127352
-9656 -77290
18478 -36380
80554 24766
102773 -99524
-120934 77661
32733 -95637
41048 81768
126152 -34456
59999 -62508
-93339 102225
-7000 36898
11581 83368
-41150 -41448
-70598 126218
96696 -75158
-378 114085
24534 -19392
34466 -29425
33120 -116606
-27528 -55598
37758 -124859
-46342 110350
-111938 -45818
-84380 -105947
-26609 -51798
97220 86314
83923 -3521
58397 -14421
81073 -108556
-85276 121377
-114153 -78124
-23022 73209
-109136 -135916
62311 -41568
104539 55684
118325 -126024
-28712 -21752
93951 -127010
122452 -69966
126359 -10372
92476 -121253
24272 61773
135528 56372
10465 23685
55956 37624
10388 11260
-16597 -132262
-83733 6540
-39662 -9190
-121008 -121824
-109702 -15525
-67360 57604
135610 16574
-33684 -115962
-99444 -100124
19775 90571
