67
11329 -85008
-113805 -31642
-7102 15276
63102 -33960
-89960 -69507
-39383 65478
64897 88812
54594 28114
76395 -13833
-65679 -65586
-62087 13530
-17640 49260
-34259 -65435
-82335 -15358
47337 71178
-78323 -46049
-114440 -73784
-692 94185
98967 32700
-82157 88842
-47615 -79844
-87210 -58248
-106347 -58324
-65082 93116
-101038 34320
82117 -78251
90248 -42787
58551 109610
-76117 61660
6620 12649
-58079 -113633
51263 33189
21645 -8585
45744 -70319
-19724 -31290
32817 -73693
-50917 14899
91775 -101400
95637 71342
63613 -233
-495 -57203
-114860 -103917
-55260 71303
-109924 -16740
-34187 84623
14053 -3720
75760 -23241
49372 -60580
-78621 -62854
-112903 -92625
97213 7170
35288 -47129
-51937 -110310
113596 -32574
-56293 -71078
-53037 -67043
22228 109171
107351 110083
102345 -14911
55463 -65066
69423 -98279
96891 59773
-41763 -12597
-21683 25037
-77584 -101011
48155 -31516
95045 51113
