74
85761 -4257
94923 -55000
-23330 8477
25435 -48534
108556 24935
9013 78690
-41772 90821
55744 33881
-80033 -54021
105008 108756
-115060 38289
32682 -39915
-65029 -49814
-45636 -100962
-37356 -31718
120684 -34050
-109396 58285
18057 -52627
-34710 -79033
-69530 89501
-99306 -82085
-4633 115972
34415 99455
-25691 71405
38484 -10017
115676 48893
78832 -85060
-11515 36311
-1941 91963
-8190 -109897
96054 -52067
85396 -65666
-99715 48745
-8365 4511
-4993 -91157
31600 45086
105184 56738
80450 49229
40876 -65441
-108843 61620
-70866 -67868
26824 -8402
-59386 -117294
79349 -66006
21068 119635
-10489 -41515
38007 64074
24252 -59494
120231 1442
-52644 34661
-30555 -74192
-108976 39569
67586 -83673
-67137 62283
-98153 42386
-32065 3774
24410 118681
11312 101878
-4333 98372
83674 59420
62323 27371
-65291 120410
16439 82148
-677 23795
-102106 66305
-26755 -70656
83135 -57027
-16774 -99970
-105635 -86715
-20110 -8937
8404 109354
-117092 -197
14061 -1189
41881 104080
