87
88239 -116415
-17658 42555
10641 27173
-131767 63440
-35404 50540
15026 -93367
126080 14951
-42343 26629
-77743 128843
-39164 115645
90035 -7482
-8778 70062
-1441 43269
-3142 26057
90886 -125724
-88981 122709
41244 30256
111221 -41226
-130111 31250
-100885 10342
-52373 -800
81550 104223
-128752 29703
109710 9783
-81623 -35091
102367 -48428
-68671 107512
-46273 -130781
96101 -70759
-79050 -60772
-88414 113273
-27392 38096
112472 91573
-33857 129802
80085 128241
13672 -62627
122310 -121712
-113495 -64230
100461 12538
113113 -115533
-78095 -47909
-103511 83523
54708 129123
-94419 -84663
7864 -82336
-5951 14900
114141 -83477
106699 49378
59551 114367
13574 64372
53284 -14686
20618 -105570
118347 45151
-95048 -70602
-83784 97059
82122 -68027
126407 52712
28146 -47023
-5753 -57124
-49729 89913
-16422 -105785
93421 -105631
21690 117
-65258 69867
-73903 -131207
14705 -25230
-103998 81736
-76833 47875
-94785 -55550
42689 23043
25577 71263
-68498 88478
-50680 96647
113524 113653
-75471 -87024
58523 -59802
-5832 -77006
72341 99771
114006 22737
10621 -21211
92854 -104321
-77114 47392
-3602 98748
92187 7415
-14219 103645
112741 103951
-122970 86267
