58
32549 56567
-76469 47395
92787 12944
-44050 19898
-98125 49434
76675 101537
24128 -26734
81324 -90146
15246 27163
42252 -20355
66170 71919
-22280 58620
-81289 -83083
-51396 100216
40467 12669
28066 -48254
-13178 -90057
91306 -84577
51174 20853
45746 98409
40965 91075
-37213 -46366
-97031 103922
95162 -42371
-75871 85757
106680 49682
-46575 -18476
35797 89588
79993 39445
-24504 24813
46225 -85717
87752 -14315
29995 -38140
82070 -10501
82506 -18426
77549 -94065
-42862 -1194
55778 -32739
-51619 93712
26574 -84828
-85532 -65364
-78982 71109
-54215 -81119
11858 -25295
-86650 -1424
10160 -54117
-60583 56819
37010 105406
89787 -43548
-24362 58502
76532 84528
-20581 -70905
27073 75584
-45045 5122
50500 95042
-70610 -23761
68746 -9364
40483 51893
