41
-41748 35320
28743 35144
-62394 -83915
5819 25088
-9128 18840
26280 71880
78914 -77309
17505 15960
-30365 67947
26640 -74688
74122 -51876
-3210 40893
-30070 -17003
13404 66563
37358 -54698
3880 80758
-84420 -63643
22390 89659
4135 54668
65484 7859
80068 -86004
-52630 69436
-66827 -72321
8187 51331
-3786 -67439
-47359 53249
-70375 -57530
-79206 36426
48660 41874
74828 70980
-24484 -76171
-85765 -19662
64980 51933
15030 84898
-80428 -17004
13387 17935
-27551 3235
64682 -86904
65217 18045
-52848 -36212
-80612 77554
