60
21015 8423
-87957 -8263
-64863 108869
-38671 -90837
-1880 97739
101766 28769
35643 -2629
63076 -23061
-48490 -109444
27256 -34324
2195 40250
5526 79339
-47687 48059
-28599 36947
24136 76519
61393 36889
51732 7965
-86768 -45604
-46504 -83111
47818 25676
75797 -84760
-39692 -43727
-48346 20113
82889 -109398
-105407 58069
-83112 75750
-11070 -8289
-83333 -52079
-52192 -2903
7960 70330
-105693 -41802
-63215 -106114
-59432 -55517
99288 73879
-90748 -37324
-77074 1352
-47309 -3085
-11454 105426
95075 -50697
-84049 -71174
6364 85919
-93331 -19848
4526 -10757
-3179 -85407
56539 -18505
12859 78756
-22145 -37442
-79107 -106291
-27538 75633
-64260 38054
3385 83557
23836 92120
19582 -69534
-36931 44043
-67753 -58444
-55024 101168
-70346 -105554
84623 -69017
-81732 18925
11238 -85108
