44
-75412 -57806
-7401 -51764
60904 14563
72936 47517
47199 8710
-60215 19653
-47194 67739
70051 -72676
-47605 91045
-9566 83386
14083 89196
-52303 49226
29270 -46676
83144 31253
-80734 35389
-44787 40096
12725 -10357
-60531 -53082
10234 -60796
29752 40969
88630 31457
-64394 78789
34730 -24574
-79899 -39549
-90323 61462
-90945 77322
22482 -70609
63605 -64218
-82476 19421
24312 38302
-33066 24786
-78318 -42188
-65375 1471
79256 -93270
8578 16880
3051 53360
-36658 -64897
-43430 -10027
25651 16901
-23939 63153
28538 80136
51809 -30764
-91303 -23246
30821 25362
