42
2599 84563
86293 -48515
48007 -6217
-13260 54355
-20498 15215
-77830 -54566
-64807 -81970
78869 71734
-37452 36137
49393 74742
82807 -34181
-58967 71013
32238 46186
-2899 31598
13840 -37784
-10006 -24547
-42717 -73185
-50644 -12377
26253 -17507
64493 -49202
7928 57453
24890 -63672
44275 58196
-76114 -27165
-42283 37174
55748 66039
50184 90586
-44579 -30229
-4635 75666
53737 60105
-76268 32943
62927 -29724
-16997 52999
86308 -59879
42322 64169
-18194 -83697
-76228 -67448
-48101 -8676
11775 -76695
-18207 42000
27123 79883
-85304 -79655
