49
71379 31670
-10636 31026
34910 -6477
15064 19121
59972 -98961
51534 41330
39092 84116
67383 85052
44649 -32586
-1944 25520
35056 44530
-3132 -12354
20945 34135
-77056 52463
77199 -56059
-50612 -78174
-40698 17487
77671 24101
-30389 -71225
23649 93520
-86751 45411
-96281 -16676
2323 26606
-30288 -66844
63009 74422
-1390 -81143
8794 -15013
21979 -74069
-57262 34592
-53956 -22006
-55497 -52716
20153 -76058
-68981 76461
-60924 68496
38306 42814
51632 -94268
-20015 70988
-63349 88741
-22776 -53925
67736 -94173
-3472 -67438
-61892 79831
-74257 -78832
-65490 -20185
-50446 -85857
-49335 37967
-73313 -76407
7142 -32927
80990 12119
