53
-65167 8667
-32726 98217
-81279 28546
49956 40029
-12741 -52726
29826 6152
-94340 88652
66962 85411
-55401 7947
68924 80648
-30024 -37052
-62567 33113
-80390 -16525
93936 42420
100482 -33319
-24034 40522
-44394 -98944
90901 -60670
-31898 -33657
63628 -100474
-47611 42010
10314 72697
39513 39082
66903 84012
-26593 38356
-13981 -929
-61877 22715
-44752 -36280
-22609 99979
35932 -92412
-50197 7265
-29145 -23765
48124 -91753
-11782 63147
-49753 43394
-101617 -89350
2787 50692
96457 -81631
83269 41532
25856 62225
-92243 -4536
79104 88491
-9739 -8197
74318 -1576
-92719 -26786
-98546 -84706
-48834 -87863
93810 -15939
-74065 -84106
58408 94719
45114 -70474
-274 -81152
-31986 -1514
