47
-95566 -36617
-52044 -48108
-18894 -22406
80378 93620
-12161 -23284
-39613 -41622
12907 -60072
-34717 -20398
-20222 -75946
-5915 46389
24185 -39532
-39360 -74444
-16284 -48337
-35239 82900
-1412 41573
-49112 -56237
-67566 -28362
-37715 -96807
-87508 25361
80546 81570
-22683 80413
39127 -38805
-17827 -25105
-56181 78249
-49310 -65703
85657 -81590
-49377 90044
79951 -47559
87271 -12978
4505 -3633
-76876 -48833
41908 57578
-31588 -38349
53653 -56389
-95774 55110
28146 -16346
-73736 -36295
-63953 -85289
63351 -17439
91751 -46809
75867 53311
33604 -93147
72382 -55691
26826 -42297
47117 -7637
9499 53483
-74041 -829
