42
-56829 3992
-76241 -81994
-87883 -53277
-51634 -77239
-11739 -71478
84830 -59527
81843 -60598
-12877 43056
-12999 61077
-62887 -71020
12116 -66084
-35058 65707
-58832 55191
12700 53738
-85583 33286
-18319 -42979
47822 30933
12154 -20565
-7137 67367
-57960 -100
-44653 6188
-36423 45727
-25833 -37141
-68221 -57428
-58987 -10597
-87083 -31064
-33655 46136
29849 -71873
-29975 63392
20952 36725
68515 -25126
417 -7372
-38251 33378
-87218 -15276
61634 -62457
-37958 69540
15102 -44471
74574 40529
33657 6082
24562 -8342
15316 -55822
68202 14626
