39
-7046 48543
74847 -65197
-60399 -18067
-63341 -69627
29288 43042
31277 -34543
36401 150
-31571 -41568
-73925 1697
1573 70157
44638 30967
36775 -72626
-9919 -66692
-26705 -31749
75747 -58476
23577 41504
-84618 -67308
-36678 42204
28974 -55382
-59651 76097
2638 84692
81048 -71372
1314 -13141
40137 -12305
57036 -46078
-82069 -46693
11810 -29702
37266 -80752
-55075 27070
43063 -85193
-78272 -33132
2086 -49098
-85503 53452
34760 26660
26006 24134
65872 42825
-35915 -78300
30464 -67651
-88202 60785
