93
-120366 11107
58569 42631
35884 -94648
-15556 125445
126964 98043
129905 -127252
75783 -102917
34928 92009
83052 -117367
109989 83481
46270 -37013
-130304 -88695
-44039 -57022
104165 100666
44097 17404
-67001 115609
61460 -112774
83369 -95128
-84010 -92774
116874 47313
100117 73327
120381 -59985
4222 32329
-109706 117953
-52582 5874
-5966 49074
-31395 29347
-98657 132552
-92695 -87353
-62914 22082
15291 9674
-116504 -58873
2201 79313
76505 -35190
39829 -61529
-80768 -112880
-73685 -121548
-105369 684
31108 46793
109476 62443
71367 131010
134064 -43573
47536 88625
9088 -65875
32148 23690
130700 81093
-100393 -132077
-126749 -66567
20168 -39016
89476 -5275
22546 -89481
-63469 93075
-18996 -88929
36323 -126405
-95017 -58144
28242 -31962
-6221 23869
127677 12141
-127191 -109547
-122021 -42833
80167 -42189
-96695 24243
-66566 78876
40859 -56270
-48078 -105660
68150 -116281
37454 119165
119941 -49081
-93501 -86113
48544 -70790
-93996 -111079
134711 -122067
70108 -48516
93414 -37972
74398 -90250
14506 99591
-54013 1413
-81857 68850
-40466 -84659
21631 90218
100105 -43657
-15728 15376
134012 -5081
-15718 -131907
36828 2013
131739 1122
42631 -69389
-92773 -79312
58699 -70340
92117 52588
-108073 -103742
-42525 90513
98437 35470
