57
-73723 -5985
82184 8886
58557 -31224
82020 -86439
-52597 -36990
-35962 -38942
-24377 -32564
88542 -60914
78054 9617
-15538 -45480
-26039 -48772
-4097 23706
78800 -28954
102684 -43955
25177 -87538
-84658 32710
31037 -44483
-24188 53859
-47390 -41221
19973 -44841
85994 -99897
101828 15682
-38615 30176
34922 61037
-68734 9737
-95873 35880
-26266 44221
-3110 -52651
-31576 21895
-57359 -24230
-35143 68056
-21988 75041
100689 57157
21459 36185
91533 -49121
-104642 -11383
21622 81182
-53394 48992
82551 75249
224 -104965
-86999 -64343
9691 -47059
-103259 -77192
-49401 -105817
-68287 -83138
8348 83023
-25283 -80514
51748 90473
81794 2798
-77651 84039
-86943 59676
40562 99638
-55628 -70015
35148 -54472
-61886 103577
45283 18680
-23432 91919
