100
-71443 -105911
-63568 -55357
17525 94638
140929 122581
-92934 115996
116483 -139421
128310 -113813
43276 138608
111646 60769
5036 -363
78401 -89077
107082 110407
100445 133516
118093 82315
89042 6778
27988 -120695
99516 7044
115307 -135614
9579 -85278
29520 -84648
46775 39646
-20704 26644
137976 98388
110548 -69161
95786 20256
-127129 -63845
-117933 -33721
-16561 115449
82886 120698
-50902 94704
87024 -137282
-54840 -14911
-123630 -133239
7113 53317
-113512 -6640
37714 -112142
53368 -7143
122748 -101951
-76739 -38848
27359 -118443
124067 11981
131215 88808
78757 32115
-119267 -62800
65225 -30271
11085 57533
51263 -82904
15431 -130705
116417 -127492
-102668 29306
-41816 102816
47176 -141201
21822 -111408
-78767 -57130
125032 78275
-126259 112075
35754 -138683
134030 88270
91137 -1194
-97108 105341
-54074 -58905
-79795 -71526
-125538 134305
120121 54029
18020 -139734
131070 3184
36891 -65854
-134556 108669
-85193 126035
-122880 131473
-46958 -45945
83667 -21681
-104606 15542
128392 20591
3821 58839
132029 104508
-123925 108760
-109007 -43126
138256 -122012
20870 61136
76221 -138078
-29083 -28732
116689 -5177
-108232 -134909
95702 89878
90353 135728
21757 -70906
23016 -131702
47463 134862
12780 -86574
-39576 5427
22711 -82961
-55934 5248
-91077 -8353
-37575 -52582
83325 -104773
-88825 34124
-15317 -120451
-81487 9674
-81069 29514
