63
21040 81214
-32151 6547
8168 33206
-80721 -60047
46253 103801
26223 -24111
-36171 74554
97782 946
-48386 -88572
46587 -20830
-75743 -47838
74022 -49505
101441 -14618
-84645 58263
-60133 -13195
20252 35583
85384 -28631
-24189 -73568
77137 31847
69731 -5732
-42544 47133
-62042 -20261
-44657 -67933
104417 -108490
-80721 -91724
-81318 34667
-66791 8861
-81815 -23589
109764 -66489
71071 -51796
-96517 41709
41607 111804
49799 37722
-99796 -61276
-49308 -96057
68751 83480
15809 -94878
20105 -40228
61637 -33622
-29734 -92472
101378 42974
-6037 88825
102402 -106421
89335 -41063
-3279 43544
-35931 76318
4235 -91590
101059 26538
26183 -63490
-22714 74354
-57562 29615
42374 -108756
-23854 -43195
-19248 112103
74863 -70758
38076 -62792
85596 -94875
35573 84410
28898 13200
-50596 86400
108124 -10890
-18406 -88163
69445 -97752
