70
10177 62998
107671 -89370
102354 -93471
18017 -92728
86916 -111336
-58741 -94970
37257 102045
-23682 -118206
82624 97892
-53766 29114
-70791 -109509
70811 -23363
-70689 -7183
-88879 17817
-32857 59569
44226 40151
117349 88813
25148 -9195
100484 98381
-37672 -26935
99386 -19316
2545 8024
40458 -104734
34797 77964
-81059 97765
-5552 -44881
108704 33816
46550 -65364
-40215 42121
11196 87418
67631 -104313
44534 -96704
-7508 90789
-85482 26259
-7539 76331
19615 30014
-18952 61011
94501 -82347
-117510 -26247
91142 99976
-102019 -21992
-59068 -110064
-69109 -42742
-21844 39333
-79639 72192
7358 15663
59263 -15192
-86507 -74095
-1106 -95913
-54225 43185
68266 64781
-72922 -11829
-12372 41089
8230 -106988
-89702 -69969
52721 62361
82939 -47663
-37175 -78993
99360 -29025
-110204 100559
-45728 115487
102560 -83992
-71161 21394
-86711 -29632
67806 36168
69163 112829
66035 65407
64935 -38850
23971 70597
82362 39227
