68
29244 -8774
-11559 44464
-2262 60513
-105658 -107922
-85376 55390
11827 -114275
59018 -32030
25362 115777
4545 -59605
31470 82026
-2591 57809
-3389 35415
-35432 22462
16577 -114326
108002 -14311
-63793 2698
112903 -31496
87330 5250
-34051 56134
80219 62863
98798 -37550
-13607 8149
-50364 -45326
99969 9606
8007 -9160
-91601 13429
-108371 17197
-12133 47928
91913 -20
-102671 -32290
-11785 88972
12056 29453
-93838 64723
-97724 27990
28094 -22063
80338 49701
-56083 108159
-57060 -102938
-34841 60266
77010 -83184
-93050 77187
57860 35680
-63447 48621
-53179 -5340
112861 91011
8079 -46265
-85507 -55657
81256 -56718
82886 -41517
-114616 -22375
42057 -55104
54655 -106394
-97049 -101642
-22837 20865
-70155 -114373
111896 53359
89856 -79521
86588 25034
26653 12180
88066 19176
-8892 50985
46394 60935
40501 7559
-62325 -6741
-83147 -7716
2622 -83112
-54482 -110474
-91403 -65713
