87
33268 -67804
-73719 85650
-35778 23560
-70981 67869
-31957 -29740
48163 -38038
-38101 -86897
-88431 -11663
-49063 109271
131829 -96300
-66038 123334
75010 98971
69742 -27279
11372 -47271
-108241 -10905
73843 -99905
-129147 20415
58050 -109761
64830 -31028
-100465 -99594
11373 71086
87165 -45336
98241 98573
12694 -114336
-72088 -18670
-90661 -105542
40322 107659
94381 -64665
-58609 68492
-78222 126511
-89194 104926
-68796 57030
6665 7312
-104746 -7360
27834 -46639
-12176 -100994
22158 56683
3450 -43845
-42898 -37275
-19352 -67139
91997 117991
-67526 77734
-26859 16857
112172 -68344
-47250 50445
9859 52597
20565 38018
20899 83791
48524 48386
80398 51387
-42688 112213
111351 -88674
104493 -10909
-90338 -130283
-17742 -99284
44769 71849
-62768 -62524
109961 -101870
-75515 -71990
-59492 37464
24991 102320
66725 14464
-82947 -22305
-110815 -131300
111262 119234
110491 -47628
-123316 52147
31839 -44559
85729 98912
81391 -57608
-42811 91969
-23387 -126087
50762 -46134
-121811 -128025
59519 -13659
-120184 77861
114956 -39946
7041 -100218
46087 95984
21412 -124105
90085 88307
125795 131076
7273 -65041
-89851 -75107
-13366 -113995
-73796 106015
88336 -83988
