62
-87151 -10918
-98113 -38680
-60156 14931
31665 37014
-50094 -86237
29267 101832
25876 107292
-95806 33559
55063 -107200
-80978 -29044
-19857 -29067
-24471 34328
-52058 105267
60114 8951
22547 41127
-74271 -85442
-103476 -22308
-111083 105321
-91715 8901
-108844 22602
-14325 108304
-72133 90023
-75737 21169
-50277 -66685
57043 111043
-49565 -34580
65338 -24391
55250 89353
80492 87680
-54771 95530
19888 -28838
-25610 34600
-68833 -98079
98488 47577
47846 -449
-15139 -68102
-44601 80350
68375 28620
67857 86627
11042 -104549
95098 -108805
12168 8563
-47434 63777
94786 -53093
-86733 -74272
-28261 23116
37073 33795
-57734 66452
-34011 -80654
52230 -61897
84231 -14932
-111184 78157
36802 -74126
87015 84263
-13518 -65429
-106870 -78875
10217 -90001
13684 -12545
-38754 -89996
70965 102979
-97572 73482
68804 -81528
