80
31031 9039
-63434 -32075
87012 64716
-41825 34517
1933 86129
41717 25247
4818 3234
-113365 -79753
125704 97787
57728 -28829
111937 -79037
-103870 -83845
-114058 -126210
297 48934
-124369 -114508
-32124 93439
57119 -16575
89639 -70606
63744 111087
-41194 -85465
79538 103662
-38460 29971
53939 -75304
17012 80136
-68174 -108543
17787 -100129
-19582 -21068
71338 -71600
-54874 98373
90790 -98510
-23884 117713
64227 -113608
-22530 55240
-21946 18796
60347 -65942
99707 49577
-45275 -54694
-93741 -33624
-62654 82400
66876 113935
-112248 9091
-115221 -35723
74876 118889
-30182 -109716
-59634 -33333
-31706 30794
-99214 99389
-56296 -86417
-95470 -82760
56769 2021
-21833 -57821
62796 -65983
-111510 43833
-59286 -15038
-83043 -15751
5955 -21028
85934 -44390
-91422 -15304
13806 49476
-24098 -24669
54783 -101782
-7406 -46688
-73673 117565
31797 107003
-99969 -29759
89181 96656
-71031 -69808
30737 3852
40129 64051
-42800 -117383
-47141 119562
110733 67426
-44593 66986
36711 -90816
46574 -101623
79004 -76302
13674 -123588
-11689 73162
56118 -122981
-67060 -94276
