71
-89754 63567
-34030 51600
87566 30323
-46294 90303
12213 -23153
58793 10725
-100587 68560
113726 -100365
98723 -111121
-23493 -111564
-30851 -55527
3416 66247
44685 -51288
-48211 16823
26992 -51671
71695 -42447
-83610 -46676
28581 -94345
-27318 -15700
-88823 98837
-70245 28257
111511 -106721
-117926 -55506
-40698 -112589
-101386 11907
4035 -80715
-114607 30043
31135 18226
-36304 87510
-23354 117217
19716 52744
-4678 -32447
98315 53903
112517 114857
-100258 45294
-11666 89260
111007 18471
87593 107445
115559 -15217
33886 -112445
14049 67557
87615 107172
-17437 105282
-62567 1517
-99726 4192
-98744 67626
-115216 -25844
-25674 11540
-19393 -97770
-84736 -71850
5084 27422
23392 102334
-64417 38209
36823 -60774
114477 85215
-100767 -76707
-72133 -65641
4775 -30295
71114 36185
75109 -23209
88856 61798
-102395 81650
-15486 98241
-88641 68738
-23546 35964
-64459 37711
-52391 -37312
64552 -76865
-41105 -70434
43064 41657
108910 75717
