46
-46237 50201
10645 29338
62456 -14372
7505 -31611
-30890 5495
-81785 18030
73005 -17115
15002 -17942
80041 -63431
-81299 91414
29433 91522
-78031 65379
37947 73790
89831 -33701
-88559 -63670
-38510 -44994
-24800 -67452
34409 42815
48168 -74580
15304 -63002
-72585 34517
-22147 -53066
71762 -40097
-78398 56815
22498 -87540
19876 -85187
-90908 16872
-84611 -95832
51475 88712
22885 41020
-7476 84647
16157 63880
-89274 20049
24867 -71192
-46473 73295
-49964 -50430
-52612 13253
-45079 -72265
-84609 64416
73933 31661
-15516 -77907
8772 -42560
35952 -9896
-57123 60621
11050 7309
25107 -42786
