53
101659 75300
101148 24657
27034 102942
40765 -35392
73926 16608
-34913 -86473
-46182 14556
35912 -93180
12374 99615
-99359 98999
8816 50515
-28786 85296
78421 -52526
-20855 4015
-97004 -70711
-75929 25183
86171 100599
-27641 88558
93333 -54218
73845 6987
88871 -78198
-91210 8525
-100248 25577
67747 21403
10072 -41023
-11519 -8809
-16950 41582
31397 81774
7625 23624
38876 -102900
-71162 -94916
-22448 -69871
-19294 37710
-44169 83481
32726 31090
-26805 -62146
-102085 -46108
73397 92125
66609 -68574
-6546 1479
-19336 84140
-29578 -37139
-87987 26783
8750 4175
14447 72650
-62569 20375
-51097 12652
63059 -54483
-98657 17258
19701 102577
25556 -52629
42714 13419
-14483 38869
