67
-106991 -15875
88578 -65319
-27277 -71076
-48272 -54788
83384 22130
77525 -100706
76372 78638
-81899 97864
-93844 -71912
50859 -63686
110742 -73123
-74398 -21414
-110378 55430
14712 102601
33933 -58505
85494 -66288
93990 -29700
-113199 42996
-33843 -39220
50245 -49784
92614 -39130
13606 85214
16743 -60829
-17415 -22884
1457 45369
59646 -4217
33793 41394
115398 12515
-90470 -83214
-56004 -17217
31521 27208
-12175 -19939
-105323 22108
90146 -45373
65090 89209
14237 -92807
77392 -83213
-19563 -45041
59409 53578
101414 -8954
-37900 -98571
162 -65776
349 17782
-103194 -47666
19359 91723
-64291 23160
-62504 -91946
-43822 -21734
-113585 48480
-45869 -39703
89008 88328
64333 35290
-87925 -66622
113367 -101657
24384 -54597
-110448 -94698
-36710 24461
-72256 -16841
48655 -77668
-108396 -23680
-1084 33517
-43876 -75454
-30077 -108068
-88329 6804
97285 49897
10061 38911
-109936 107420
