82
-92641 119579
-81216 -90003
-37173 78820
-61345 -109024
-48547 -24166
-5135 -65453
34354 -56096
54729 18953
119433 25856
-112442 57165
-78328 -3123
-112725 -62822
34602 -29373
110498 33263
26068 -25213
100448 51825
-11088 61527
-33127 -75198
22560 -110778
50090 -89815
-12113 -39079
-34523 105414
39731 -97793
64102 78770
-120096 65361
-93687 -89600
19530 82891
98199 -57801
-21966 -94443
104357 97926
-73217 50661
123587 74889
-46393 120149
-48435 -99368
-115411 43771
15511 -61656
-47822 -97486
50449 122009
9873 -44449
21514 105521
-71785 25758
-23775 -7387
-81099 -46617
-108857 -71259
7484 127347
-75428 107376
-29304 52207
95167 68363
109615 -112961
91613 21791
-106798 -106571
-94522 -106948
97999 118878
124462 13489
94173 -27977
-44855 24652
20072 39458
54010 -62413
-71961 -89332
65506 -108517
-60729 -120942
-66 -98103
-118914 -72352
-12004 47397
40588 -7361
23687 22544
-96947 -104684
36038 -92486
-77898 49796
-117227 -8821
110840 -92703
65828 -79799
-27696 -112321
70607 -3464
44594 -26880
-27588 -78378
-44934 -20467
-1464 -68620
-96874 -36021
-95867 -7250
-18001 -52098
27889 87544
