74
-57980 26581
94411 15165
-113945 -13589
118962 -48782
35832 86273
31217 1746
15332 58994
41601 52764
55782 -96840
-104777 -52290
114399 -78308
-50494 -50733
15839 -94705
-61314 31500
-103084 94593
39156 70800
63442 10095
69097 77166
-8084 18614
90327 -50666
-112437 56231
280 -113348
1014 31142
-85987 10206
104695 94660
63927 -21816
18926 58842
-103420 14001
-114992 119609
87422 -105562
95466 56560
-20407 -107543
11953 11697
13789 90832
-2680 80715
-81595 14405
-77855 -51560
-82904 -110620
-58373 20567
-46349 -103123
-110899 -10728
88534 73798
-61939 80532
-91177 39430
-19329 -45880
82704 -13622
83709 12348
-26405 -48505
77581 -92804
34323 -26086
55403 66588
37748 1024
-73814 60698
-55911 42614
-120669 -47176
104217 64122
-47562 69733
75571 -85155
-39182 101358
91405 -69818
63381 108078
105396 -50133
-10149 38950
-46575 89288
78684 -73092
-71377 -114991
-107282 64412
13955 14833
101772 -3987
-65009 82555
72421 -53838
-52874 92234
16618 -85759
6010 55295
