41
17562 2939
6044 62475
21328 1202
-68042 55561
-33771 62220
-89780 22473
74140 42516
13690 31617
44612 67300
-21231 -31051
-47474 -27280
-15900 51926
75766 73140
-68604 88305
-75835 -24083
18254 -64389
-31444 -58960
-7610 -44924
50352 -58852
31389 22273
78512 86022
-76402 70180
-88526 74939
-89075 -24835
48589 -39487
-66694 -90343
-14456 72916
-5048 -89291
85250 -75121
66801 34653
88863 -9390
-46216 -39462
19980 11961
-37973 -21475
76847 -36933
-44278 89419
-27954 -29912
-41349 -18517
30960 82152
-8634 -4486
38651 -64218
