82
61569 86265
-43745 -69570
72763 -6028
-87753 5192
101695 107950
122741 26111
-5353 70793
-59052 89097
55797 89728
109396 -127169
95630 116072
-27263 -36279
15797 48474
52999 -3175
-61557 -885
36196 119167
71502 94312
-27875 -52410
319 -95612
53509 8102
-102404 -23031
49229 -116607
82993 10279
-54421 -22387
87552 -53864
-93337 -14922
11052 62687
-58395 78864
-60635 -15991
-83887 69800
-57019 -35939
-90290 10937
104724 87887
-56900 74627
64468 4876
56229 13697
119380 98837
78754 114157
7167 55910
59136 -29540
-66445 105449
110861 62559
-9685 77780
-71375 80436
-78991 24003
-60648 105995
-110044 -46338
53268 -31367
-72063 99126
73094 15061
-44800 -21262
118837 79978
68966 -37906
-61217 -9248
-564 -96586
96805 118561
-127616 -8806
-94326 52882
-10864 57211
-63646 -38109
44684 -67356
7578 127841
26644 -5303
16964 -25685
94257 77460
17267 -21199
-39727 6324
-93090 8253
-96793 -15330
-31885 80217
-78169 48974
17601 -63249
-42657 -100764
113178 82883
-85074 -65161
-68079 125536
-112436 -93197
94693 -115915
-73219 -83560
-84682 -124669
-89226 9712
-21701 -75056
