82
108616 56110
77114 42094
-108667 19368
120238 -26356
7611 -117223
99797 25036
-39833 -83560
78042 37011
-77168 -87442
-70242 -11036
-48907 112403
-25305 -19735
-66690 -94114
-39946 -45606
54124 28077
8236 -24477
-29426 -6028
60178 -78246
-61343 -70938
29292 -103266
109391 -46635
-62089 -85154
11658 -113842
-71673 33899
96189 28259
14506 59589
-53920 -57872
26953 -74096
-13327 -18563
-90660 124243
-44629 60654
123931 101599
-34153 -37624
-108316 -23198
111125 3385
3144 77723
-26152 -56270
-8335 47729
-36366 -99239
-2314 38386
-108214 98278
102407 57073
-118162 -42630
-124450 -112107
56641 30969
24691 38550
90093 -57788
-18664 -38335
-8484 -104696
2294 3869
15826 17046
100923 92539
114694 31889
31147 95694
22819 -27846
56219 -9440
9100 84238
27905 3037
-29975 -88059
-40611 103147
-14479 -89420
28283 -96990
-99603 -7078
119874 8997
-55821 -84129
60484 -39730
72865 -123575
-23299 107004
49510 64881
-95475 112297
-14419 -46957
-55148 73445
-30991 110314
-83477 -12097
77055 -84106
-108932 -121713
74120 53097
-89230 -79120
-36130 -100830
-123000 38698
-8579 17268
-124343 10892
