54
-5258 41642
30607 -45506
69015 -90246
95311 54771
-47627 -19975
-69417 69510
35354 76166
9080 9701
-55575 85231
17221 63231
3291 47372
26574 90656
47454 77090
-43365 64526
-12325 18167
-61867 29740
-20198 54034
14497 24927
-56727 -42316
-69843 88856
-103429 -98745
-74114 10209
-77580 53532
-43977 -87212
-71282 -68102
41710 -67993
-58500 17921
-49975 83269
-435 39992
80009 90421
-8045 -95486
-8792 92838
-14076 -1552
54777 8656
43108 -4543
-48657 93115
95785 11248
74346 -103692
97954 -16545
-84532 -43012
72871 -43114
-63553 70447
83377 -9282
83406 -51762
-50175 -36006
-21368 -89444
-16373 10055
-42575 91979
71474 -38941
-6650 -51083
-57194 -66578
-13509 99815
27417 60138
-57135 -66458
