58
-15065 42892
-5941 -90554
-86363 13025
-76066 -39246
-102602 75366
-94690 -65215
-31451 78113
-66730 -91362
-37089 13876
76140 76768
-37021 21744
-75686 -44212
-74639 45181
-83346 33726
-98693 47115
14780 18502
98310 -16381
-17340 3565
42303 -34497
-101413 42528
51098 17994
104204 -40841
-35838 48199
71124 93261
-46629 6341
63673 93164
5726 33721
49646 11775
54174 -44970
51752 -3378
51083 39098
7630 105757
-35358 26587
23431 49281
77595 -79232
-42694 80194
78853 -70220
-74256 6047
-81657 -22314
58740 10742
-43276 -12186
38589 -81320
-80343 -83093
-57971 3617
73274 -87489
-19562 9337
-34989 -68720
-99288 42674
-4679 98982
-11370 -25090
-41437 41109
47365 -15579
82180 100218
93713 -104391
-76268 -83566
74157 95518
44234 56842
68449 104402
