48
-30415 82536
-31584 5762
14707 57439
81962 3500
65349 66170
-60106 -69375
-5931 -6736
-53729 44066
82985 75094
30061 -42992
81262 48961
-9357 -49485
-11543 -2101
71134 2390
-47099 48259
14132 72717
-77052 79375
-23765 97892
84827 18485
-3509 -84724
88324 37493
93151 -73424
-46160 -63767
23302 -75465
88059 -4539
63963 10745
-49189 -77613
18798 1680
-67345 -23066
-8486 -705
-45394 57334
-19312 -77230
-2983 13545
27680 63199
56940 43094
-35931 -78044
-78984 63222
16041 5833
89264 5490
-446 -43216
34826 79170
76285 -16284
22021 -96286
55000 -45225
60927 6095
72617 -14391
80826 86974
82129 13190
