77
72379 15610
-57102 -46731
-95917 -108476
-85753 -55785
33931 -104610
8272 22928
54097 -56841
-41952 -102910
19903 -16197
21799 91193
-123749 12520
-37524 123030
48918 94743
26796 62154
43096 97515
104862 24934
19544 -192
-60843 111321
19319 81815
-15081 -77683
-78551 -13800
-26308 -97560
-83465 -93722
-63109 -16094
-46971 57427
-6738 -33069
-74003 77927
82144 40372
41741 -80501
-33885 -95327
88573 -19663
68892 -78255
-73315 46057
-87309 122840
33302 3396
63382 25301
113692 94987
-42337 -106444
-75311 -112739
104279 10839
98391 117631
-57740 51147
-901 108352
-120843 -24682
44908 45590
40906 -13122
48999 -96934
-106877 -55461
-78532 -57982
-104377 -73353
105413 -119108
18927 81408
55513 75170
-38063 95760
-80653 -1292
2798 -113437
-29658 -89389
8546 80305
-45320 -103087
79367 -12580
34332 -41358
24366 -33306
-44305 12047
82055 -27168
-82767 -20192
-122444 48475
-108135 111832
36462 -32015
42135 56550
-59594 117075
96146 31270
47042 -55746
-45417 93467
84706 61032
108892 -5483
-53819 76317
116861 27748
