75
119110 5467
7305 -7902
-81259 473
4254 -27203
-99780 66624
-20821 -59130
92882 -52182
-102407 46597
72185 -81896
89832 113381
76295 -37992
66841 680
36871 89023
-40274 111790
-46941 -63523
1816 -8121
57550 -108905
2981 -39578
-63790 -96691
3316 -87553
89289 110353
-85181 -37602
64333 -84604
-73223 105296
79119 73101
78395 54048
-113607 -13774
79799 63379
84129 32103
105401 635
82762 28287
33422 9352
15150 169
-69828 88843
110143 73377
118918 69651
37589 -72993
99550 57267
40698 88794
-83951 59871
-11770 14892
95636 103740
-64550 24629
-58564 34361
-52118 92360
-35589 34413
16718 -101763
42272 108975
47272 -71238
-81131 -25211
66697 100473
37767 -107088
45601 86545
-2653 8995
-36633 63377
12629 -97411
-62266 121180
90617 24265
44492 -88201
-117590 11697
118924 37502
-119648 18700
-121165 50059
19972 86147
-14440 -64903
-99626 -117833
-90325 -112183
104490 -42097
47841 -46110
-67152 -84266
33447 100591
97785 -90514
114680 -105651
-56570 -56765
49454 -57360
