47
50983 -15230
50634 41529
47316 96095
19231 -34371
-10215 19657
-60953 -60166
45103 20086
33000 610
23436 -27110
59952 -46745
-96083 62337
-30704 553
-27110 56923
84205 92488
30561 -14292
2512 -70629
22949 44012
-64067 -38037
38170 -36367
74955 27952
94052 29759
48236 21687
-44606 66857
-3320 -48970
-53687 83085
-68505 72148
-66868 -45814
17357 27108
-25600 -79232
-74669 45994
851 -91577
-76162 7634
52175 -21610
25845 -56836
3286 -30333
20622 -17311
32720 51184
-34974 -49323
472 -43258
32256 -22335
27061 -82559
-20708 -34062
-96057 4256
-48579 -55660
-67088 -73798
31303 -17794
17878 -84664
