51
-66138 -11313
-11039 26380
28286 58110
-36811 -28106
-13462 67551
-16758 -55889
41243 -77022
21299 -92288
-93061 25147
-47277 -77081
-40607 -11330
-78612 40045
-35216 -88443
33028 95369
-57922 65248
-86703 32688
19632 -91644
-14989 -71037
-59222 45083
22478 44496
28062 21096
-84278 -45903
-52258 62526
-88082 -27187
-13729 19760
-55200 86732
-48784 -82584
95089 61873
47625 3267
-32571 -26267
-54621 -78997
-154 75436
-64658 -39935
-55772 -21919
24114 -37322
18466 -70276
54638 2181
28159 -55415
46625 -69797
99243 2237
-49496 97689
-42798 -81204
-37626 -86588
-14896 -6544
-17075 15851
61872 25233
-31314 -6965
39797 -1512
14574 60634
40687 36663
98860 7567
