39
-18916 -33524
-78354 -38547
58022 -605
-13431 -66672
32807 -67989
-63523 -11747
37556 67978
-57273 -41579
49775 19938
51874 56778
-82745 61038
-73254 -26922
80652 31466
-58089 41237
72906 -50721
82319 45354
-71524 -25910
22081 18989
-82167 56838
-18191 49800
-70460 -6177
82380 29464
-63825 74195
-28774 63462
1751 -23634
30153 -18135
66852 -15304
-23688 44356
16254 42346
60552 15685
15014 71134
40749 36766
-50788 -3016
61189 -66344
84428 -30807
23164 58288
34719 -73834
-74275 15382
-31878 -8501
