73
-88081 -44229
-91523 83440
37570 75484
112289 -109243
107779 -74011
26086 -52680
15127 86252
3227 -86535
-106839 52600
81147 -56749
-93323 57708
-9193 -115837
107465 18787
-66381 86837
-18386 -113354
67552 -49272
-22888 -53174
-80688 -66091
-75951 -27897
91133 15878
-110687 58120
43870 39780
-96453 28943
96142 -17994
108270 65642
-15871 -38199
1831 -100847
66974 -33465
-106668 -20124
-14058 40801
18424 -50667
14859 94092
81572 21462
5545 -29311
29436 113826
-49703 42324
-87865 37982
-15499 97737
18107 -4619
8921 -119643
53786 -42816
15514 -16099
-53034 -2897
-59214 22380
-15240 -56496
-32701 -18843
-14619 80121
6935 12050
50636 -117708
-12383 14784
92201 -53175
-80875 -82568
-52172 8908
27705 31627
50174 27972
-3188 27500
-5623 104533
-87777 110991
120087 68700
92643 -103632
-57713 11540
67459 -110240
-80720 15170
-59676 19937
74168 -51517
-49557 -113771
-107519 56362
72396 17729
-65152 -50820
7902 -105163
-13444 28420
73182 -1111
19496 113480
