87
-112864 -131866
79471 63212
-39660 -100739
99412 -67370
-56749 9347
-87980 4561
-124656 89239
100909 -93152
24542 -64768
-93774 30700
114695 19777
2899 -23773
10314 -115567
-41297 -114065
-126248 87237
-54541 40110
114522 42889
55695 -129388
42653 -23902
-117237 84816
88147 20773
106282 13488
28977 76416
-119690 -96468
-131226 -37955
116965 -100690
45598 -20577
914 25208
-129591 75755
-18033 -82927
-41474 -104539
-99374 121064
118837 70798
-79753 68576
1130 -106360
-103535 -19302
-122080 125541
34504 126281
18947 121318
-125682 2435
69341 -124276
38399 -73345
130721 19885
44854 10814
117817 -94936
-86960 71172
111434 10404
-21923 -101239
109107 -17464
41459 -37392
46164 14425
71625 -76307
-52344 28794
-23812 4980
-117978 -100289
109380 18136
-106085 9846
116223 24842
-56685 -49610
95190 61700
-97157 -81801
-129125 36689
-47804 12189
-79857 127757
-126110 -42379
-22445 119571
-31789 -116569
-59104 -11556
-40597 17120
-74984 -33281
-85495 -15770
73795 83438
-116903 -114170
-15148 -7486
-47103 123916
35071 -68655
85481 82871
120548 -8268
48945 -3380
-50565 -69145
-17013 45276
100039 35640
-9825 61932
64286 13505
90062 -52668
-117124 -60637
-33043 -9712
