88
103721 87088
6853 70282
125955 16159
-128068 114614
-21413 -74773
-60113 -29341
10520 21870
-46876 -103516
49781 82584
42450 -41596
-29234 52026
-6732 118515
-52640 -129558
-87161 23704
-32307 61368
-83988 99961
-95989 24508
25736 -74384
-43281 -67224
-103401 -101651
57261 -42988
59983 59310
-77359 51784
-33921 23890
91031 -114109
17614 129137
120646 -49903
125568 -1986
122856 -109390
-74023 -97136
119445 92087
93654 107125
-77352 -2263
109899 -215
105315 -111826
109182 -69250
-80636 112135
85626 20578
20364 -35066
84530 83911
-93203 -68925
77813 -52315
-33212 -119507
109732 70272
-58982 -124407
-107504 -17321
57086 -31751
-25389 -115388
-48573 -38548
99816 -2721
-13480 6499
-74095 -73943
-55531 19126
22203 123568
-102858 -88226
-34061 -42003
84437 -27472
32512 -121858
-107875 -118431
109346 -90438
-105174 50599
23136 125412
93375 -90789
74594 100211
-122745 110827
-119242 -10994
13082 -55101
45789 79390
-91391 68592
75735 -44743
-109911 100824
9595 -110497
-70985 6263
-98917 21382
-53105 12705
99126 19411
31814 85531
53875 128022
98309 80841
-121959 -85280
-82471 112271
-14929 97951
-38163 -87821
131177 -127036
-35601 -10084
82043 -23730
-127148 89792
-9571 70981
