47
64287 64233
16253 54250
-74238 42691
-79821 67849
13586 -18254
20979 23447
92247 95378
24691 94724
-28442 -50525
-95941 15616
11490 37145
-37979 15021
61095 -92718
3962 8732
-61046 -83140
80019 -46177
323 -94626
-73085 -21218
37537 -8241
-53707 -33484
-73806 -52716
21651 32969
70330 -88503
-1433 33256
21036 -72825
35766 59833
28325 -49016
-15901 46695
-88957 5685
90258 89657
8458 -69836
-16229 15580
22691 48042
-78429 -23992
-24205 -87291
-54116 -13780
-22243 -624
31997 50471
72675 32845
54830 67660
5658 -53114
-96523 13276
-34948 -25048
70398 79484
48209 -59528
859 23755
-32282 69137
