89
86448 86265
96482 -13772
22108 37106
73530 23970
-36222 -57328
35969 -78154
49536 19041
124340 -111912
-60443 107168
126128 118074
1941 124089
104983 18248
93670 56135
21716 -127933
-94610 -113543
117777 26848
-89541 -122602
-101450 5131
101081 -71637
-28493 -29088
-104278 -102252
-12718 118746
80486 -26865
-11580 32349
34160 30110
123653 -114829
129807 -78529
-85675 44580
47421 57419
-8199 126514
81515 -34140
56325 -110684
43718 109539
-26886 -32700
-59418 36114
35415 -128752
119715 -97971
8536 109390
-110691 59432
-56574 -131900
-5484 121477
122169 64643
-113551 -122161
-59495 38780
-101748 -106339
-3688 33981
93412 -98222
-33289 -89468
-28754 -91770
120117 -86456
-44888 109308
-103857 -91348
-90941 -25996
-82390 87614
113903 79877
6186 3183
-114394 -12606
-53111 -14632
114386 86675
-14882 -119141
-103614 -127606
39673 115864
-105096 -9682
-74151 103094
-125070 121118
124254 75792
45734 -14291
71789 -56703
-5426 -10796
73641 71577
-74001 124465
-55698 108817
-75259 -128765
133019 7696
-54302 104045
18860 -100295
13301 119677
111692 24546
-120342 66758
-85798 97527
-125305 -124220
41367 109486
22201 -32858
-72069 28905
-45159 -63626
-96035 91793
-30042 120948
84176 62513
130162 1655
