74
-6346 28616
102408 77277
-31093 -73212
-42532 -42134
34088 114273
2130 -84974
-78966 -30052
99723 -19695
56939 1229
-68430 -87828
27651 -72352
-113964 -71518
113340 -89779
75900 116756
25199 -79414
97988 -16558
-60265 63390
-47287 58541
111282 -72253
-86455 -52156
85802 119191
21040 13141
-12000 -21988
14353 -109110
-68530 27239
98854 -115063
-114246 85475
96043 22530
113305 -41525
39132 -51607
-28117 -115412
2504 -49038
88747 6455
-94827 109627
-55069 -31137
19187 52920
-38407 -7696
18537 3340
-86367 -94060
-19319 -102618
90057 -37786
-28639 -114515
-43353 -25952
63918 97938
33586 17886
97214 5349
-88605 84026
21567 -110927
50718 86107
17424 -24229
-17069 45962
-28918 -2855
100936 -101129
-40663 -110614
-30233 44463
-46463 10808
80020 -91468
8496 -64440
11205 -97439
-59056 70499
56636 71696
-81409 47812
-66861 30008
88868 20049
72485 24193
-9137 -82528
-109485 -12708
-84339 44551
97021 119951
-7633 97446
-63077 2637
7759 71218
17623 70315
-53167 68789
