94
97046 -84505
25794 -33255
-33563 -29511
32035 -80614
120968 75270
127274 212
-93822 -117656
-20910 5116
5838 11123
47782 103368
47617 123730
-120851 -44067
-52490 -61125
48301 89682
-71647 15302
132801 -12147
42884 -99227
-44970 -50606
6177 92100
34934 -88327
48489 -47821
-71166 -52550
-49267 96446
126043 136965
42738 56421
-127565 124924
59030 -27151
9639 -124092
129194 96181
-116544 -104388
-12515 77185
-99398 -130008
47820 130503
-90905 -87181
59030 -87300
-115342 106120
-39057 -66816
-26335 -80482
-125896 102121
-54109 65169
-129897 47306
-63791 -118566
75906 19973
71179 -87761
6548 129249
54515 21524
110346 -124662
-21839 -90155
101372 10647
27146 -64834
73546 -101596
-55745 80171
-105477 -68937
-113138 6999
-100877 68339
-63249 37539
71177 116595
83592 -33011
-59606 -64830
48166 -19784
-24070 -106509
-3745 -112
-57030 -59480
88215 -48807
-15965 36281
-6487 102113
128988 118395
-84945 123309
56558 -55973
-96768 -107006
44909 -4782
65230 118858
55863 47883
133104 119190
14964 -97985
-43790 -129262
-72049 103653
13858 24000
119681 -105404
-87563 120853
-61249 7680
-17625 127470
109608 -127913
57287 -121503
112965 -81911
-110037 -52986
-119887 133252
-9005 32664
-30429 -19718
-116862 37501
85190 -127308
-114702 83291
-49905 -118282
-64735 -124682
