62
-9595 -65438
66992 -85580
-42335 39780
12919 30688
70651 12505
23193 -110397
91274 -66604
4376 -48335
32142 -35709
94093 14714
75239 -110222
78516 93
84098 -10822
-32222 -58428
109733 674
-75693 84644
100713 -25920
3560 -47497
-105884 49125
3954 73972
1367 -107472
-90166 -86421
-36133 61643
-105105 84009
52383 -88633
90712 -85511
38008 33949
-68644 7562
32538 -95720
-19060 3906
-40578 65619
-22649 89599
-78763 -38341
-94744 -106169
58768 8382
44841 -50450
17206 -72251
-100575 -15084
-103363 50838
58430 -110740
-52365 63697
-69815 -5681
-52503 -71586
66893 -86849
107033 -43368
-7334 -10783
100286 -4695
68443 40597
73093 15860
14286 -51338
76250 39368
-67828 -47146
-63855 -33443
8419 -72410
-37793 -60307
-77227 13879
64852 93912
-3384 -34679
83012 -73911
-1337 -109753
109291 -61110
-5809 94267
