65
-17894 42642
-44866 -75585
-77939 -89208
6321 -50980
86572 -91447
-99746 39168
100899 63239
-57168 49550
-91645 -50690
-111330 -5352
42602 20303
-70314 -83801
4192 -109399
-66295 242
31578 -71327
97144 -39782
-41290 59651
-55747 -18562
29134 31070
-26505 -53227
-110682 -12531
69838 81217
-73760 -97986
-15405 -69569
80673 -11030
-23248 98035
-61075 -60532
91534 50783
112889 56565
58940 -3813
88134 52932
-97945 7511
3246 -106375
-95636 -53618
-2670 -95931
113438 102944
1184 -53102
53686 73131
12822 -21925
-63471 32195
-50032 -87381
-93976 -9177
106555 10685
90118 -60371
42703 57160
-97752 -101587
83808 -94184
-100054 -29074
76304 63241
55667 -89255
-87573 95003
-97442 -94572
84148 -30187
43693 52092
-53260 -86616
113412 -108597
26525 97184
-7007 61886
17080 48251
113631 -61302
-59048 -3998
59140 12663
-56166 88359
77628 -110110
-107013 72996
