70
-4350 91249
108777 25543
111993 16022
38770 23017
-111555 -62107
-50383 -116080
106707 87453
-65335 -115358
65346 -8882
51523 -54535
48471 -105110
107058 -105778
43044 -46779
-25571 -82754
22802 15132
94905 19848
-78742 -72105
-112201 -13621
105699 1369
16182 91068
116281 -93184
95790 -60895
-31525 -110465
105710 83744
-111100 19988
-63367 -14061
-109960 -104595
17186 54037
4345 98221
-102494 67004
99452 -6750
42243 53371
-74272 -85766
93664 -36159
-114044 5034
-84429 70082
-23709 103933
32952 76797
23861 72748
-104882 75799
-59046 -92811
-97559 -64596
-90491 117757
-82375 -105808
65325 -45305
15990 10560
1703 73068
-16069 71618
-64394 95676
34355 -28743
84062 115719
52226 -102678
-82556 -115013
-48316 -67564
22218 12689
62254 -75461
-70858 -53835
-26635 -102753
56607 -13172
62221 24811
52110 39441
81973 -28753
112159 -7616
114274 56974
-39251 99874
106815 -67800
-67018 5364
-31234 101960
9689 83522
77837 -40431
