97
41827 77897
135095 -114331
70718 -114995
-100012 134098
44251 98184
-84349 -63409
117908 19095
-67299 -86243
-4466 93617
-23037 -92338
-78338 -8589
-12389 -16617
127515 11527
72659 52882
-22922 19444
48941 -49666
-88417 -76604
36512 -116058
-117146 21661
-73805 26799
-61602 48797
79757 94572
41871 -117590
5626 -106317
109766 81002
-1999 -57108
15457 -37194
-82204 -27754
-65741 -86278
74288 95745
26476 -20898
36748 -29259
-82693 -88052
-33291 45102
-38742 75614
42785 -122124
-106713 -38529
56796 85813
-51222 -132359
38826 -38190
49486 6482
12740 -116607
127899 -72605
-115388 30311
90040 -115054
-54564 33738
-81717 94929
30680 50038
-64145 -49905
35584 -33517
-110258 -86962
-17667 -48467
92399 -122009
-9046 47852
59266 -111224
-82278 -76666
135488 8527
-84148 -116473
8720 -53898
54806 70831
9070 -70110
-66761 12936
-92861 -47931
-47273 -43032
-104995 62017
-13755 24745
-13968 73708
-84146 -6211
-4691 129651
-88465 12243
-98964 86599
-135148 71675
82717 -8501
-122525 -78061
-83684 -99956
-9732 -3886
22811 -42718
-21072 33267
102790 54106
44438 137671
134073 -106513
-43420 -92806
-121301 60703
-53747 -109864
137763 -91160
-91442 -86610
26723 -105589
89305 -32001
-64923 67613
-16327 100212
64600 137440
33258 -120199
22283 10790
-108168 95328
-33774 78067
-74896 138187
71051 -28631
