91
43204 5428
-18322 -8968
-63792 -23100
-71252 -69594
124606 103934
96252 -117605
-97387 -86852
-17663 70776
15632 88564
-69601 61774
33519 129444
126550 -24788
80687 75770
-108753 -23320
-113408 36966
-5993 -4305
-76794 -132593
-48399 87876
-2756 41096
-7853 -26467
-12318 119611
81693 34468
-99684 -75425
-52991 110252
-108114 -1854
-49273 -103745
-106 -69404
103921 -83206
67961 -95177
76001 -47373
-121738 102377
37827 558
3 16641
-126327 -130700
-73012 104215
-117240 -52925
-96469 45546
-130746 -53188
71024 -66547
35397 -114165
72325 65707
-130415 72466
-46874 -15125
43766 -42039
-78716 -48664
74809 -95240
-117164 -2615
-130297 -87071
-109235 -16003
-86815 -32740
-10142 82335
103018 106439
-75290 -124444
-40093 -24994
71494 85919
41991 71344
-47551 -59063
-23456 -121925
-33140 -68431
104903 -42947
-2486 -8396
65931 118404
40529 -108101
-69695 78319
39524 -121058
-10867 -48981
-63899 -128037
-50360 21070
-22086 -3428
-115344 44641
-42327 4422
-132585 -14029
59938 2807
-27838 -45572
-129983 -14881
-67406 -69141
-41557 70920
17163 -48608
-98400 -97315
21920 -72869
25787 -20725
45674 65262
-107380 67345
-126490 79543
-24411 -59792
90723 45143
-86280 79691
-22526 39465
119955 134083
51280 78110
71232 21702
