72
76851 -15584
29959 -23879
-64407 -76071
55934 104464
112666 7170
19906 -22194
8567 88701
-40353 2901
94537 -11307
-98079 79494
-27649 34305
99306 90661
-51734 108198
9344 -63065
-45743 -63956
4573 71596
71892 -85942
-58166 -8301
16014 75857
97592 -82149
115280 20980
-111513 36273
119465 60929
-51324 -114515
-73639 -31719
55395 22194
-115873 90726
94142 -96032
38315 -15872
-115282 92705
-79623 -7940
111236 -8633
7097 -24567
76307 -101975
-73728 -108903
-119209 -93326
79242 -71083
-28165 101420
-67345 7812
-11456 61646
5733 -99596
-39011 -56281
-50549 -75995
-110545 -310
65955 100028
38278 -114383
-59852 -115193
-60625 -103440
-50544 66681
-62211 -76576
-97273 -34899
90242 22957
-907 54765
-86436 -27301
2139 106221
-51837 71952
66326 -64645
-97333 57540
5533 -82079
80736 -55702
13299 73469
27967 97359
19760 101205
45357 -33357
-54669 -42908
-100961 24024
-105699 -87717
-26239 23841
42133 44132
-106251 87193
-80795 59796
-31306 3159
