66
74112 91876
3682 -108301
-15 -15236
13789 655
-27537 -68892
-26550 48001
44125 81763
-99087 -36453
22420 -93696
2966 17770
-71021 -76679
-3865 105291
-45215 -15479
45331 95182
-107711 97331
-48713 -55313
86651 -56775
69718 84079
57793 -35381
-47149 -101389
-91243 -55249
-29169 58398
39146 -58442
-86443 13512
77378 81555
69069 -47789
-86250 -74261
-666 97709
55983 97
43630 -37819
-6963 92651
74089 -98222
5343 73462
-105086 36057
-54646 26027
-20727 92059
590 -47461
37461 45026
41237 50979
-52454 -29518
-89349 -42880
96616 35233
22960 -71137
93196 -74030
-6422 52592
63509 -56548
34803 23164
-102728 -83573
-113195 -5474
-94628 -39331
-27284 79306
-106957 46245
-111735 -8065
22827 10884
9875 43293
54292 19409
-21242 -70673
-68913 -111413
71682 52300
-49956 79413
-39046 -43178
-17720 -108365
-54650 16798
112902 -2054
-88092 -71122
17809 -6803
