80
-3811 -69093
-71453 59832
69509 96593
68692 28081
-37522 -49164
-829 -65367
80428 90916
89498 -108364
71496 82170
122749 -61547
-104808 -22318
-100607 58880
15675 -74201
-26980 83023
67384 -91373
-43189 27111
-63368 -23219
42163 -43070
63954 -39232
94019 -53104
-69803 25715
22753 -73362
-92365 -112527
-122832 -24626
-95918 49538
46646 -50169
-4655 79247
-40444 108803
-62403 53684
-61608 -26519
64542 -126462
-3500 -84015
36823 -34563
31348 -73803
42737 -85509
-87654 94837
22973 -80174
56869 116556
18349 16418
105165 12599
-117218 -98204
-24321 31480
121719 -10782
124955 -35117
22832 -57491
-32944 -98473
-73418 -78307
13564 -125481
62707 -21811
-70171 18329
-125809 -18826
109547 -6173
-29505 88221
-64038 -50034
-18231 74641
-57187 95953
97278 -71014
-14076 -104778
-9314 -28845
120659 -84404
-61247 -46442
84556 -11361
-106799 -30078
-19199 125460
20738 -97603
-56426 -8846
-70927 -16332
17292 11690
-31338 -20407
-41781 96239
-49264 -125764
19717 68422
31781 -98889
77502 110948
96355 -26363
104767 -46003
-104492 -54325
18838 36680
121190 113715
-61025 48403
