59
94341 99743
21802 68619
-36849 16692
-1095 101789
42529 78183
31826 32590
61292 -14386
96449 -8895
95993 75625
21548 48518
34117 -75047
-76677 -17953
71528 -86951
-89067 15468
-65474 11123
-36230 27886
7494 99987
-65701 35780
69562 -15317
-97837 53769
96173 -97082
63355 77298
-20985 -9123
50241 -12331
-64063 23471
-96443 13465
-47400 8449
-100140 197
96177 105769
100373 -44668
-78487 73116
-91730 -14043
34814 -90866
96853 90081
-2042 -106146
-50347 103762
92345 -28405
78658 72144
-65615 -57796
-90079 37899
-56819 -2838
40029 9065
-89709 52382
-89484 -96993
47612 25808
-67430 99843
44132 -40817
23524 -10763
49662 -60639
-46033 -54569
-71934 82001
-88562 47207
72713 -81815
-75094 -16812
90883 92278
4706 -59934
-76424 -64137
69000 79029
-63348 -66517
