86
-119713 -74482
62227 95371
95390 -54993
-787 94854
125449 -98783
4604 82853
49035 -55317
-60661 53748
18072 15533
-42283 116546
104196 38706
-88113 44417
34315 -88765
-124531 4488
52517 -123628
97785 130422
-25384 -4216
-31270 -70486
-32216 -59765
65732 -48061
-40529 74568
60853 -57872
-66373 72727
-75190 55094
-29529 -58557
30608 -120541
15890 111356
98784 -87077
-106723 25154
-9381 -38585
72938 -32709
67227 -130890
70202 -96060
-107252 -41549
25476 88414
-129109 -15899
-71804 27658
-873 -86232
-1487 -57749
54512 93069
-57375 71442
80671 76130
-11625 -73212
50318 16359
82361 -87779
-27716 86925
81603 -69072
-4655 -46033
118571 6422
-98390 102927
-36320 -36713
50861 122684
-25689 110880
22223 13059
-128146 94056
-73540 -50470
-68432 -125534
-63932 -11319
-24451 40486
39584 63179
-4911 81177
72955 59322
1851 22347
-21647 1532
-120060 -47777
-126846 120676
-10828 -93424
-77135 14104
27929 5643
-49262 -52102
-97558 57678
-60341 -45347
-5869 44640
102062 102493
-106969 69558
-8486 -100702
-18967 26445
-99153 -12893
26993 15308
90268 -90469
-97507 89543
-91856 -60416
129702 57605
-67950 65154
90015 2705
-105343 107889
