42
35943 -79420
-21236 -25661
9604 -56024
-85240 -22661
13966 -51506
47608 15996
-73784 -9601
-20614 60800
-53297 -28584
22868 -60359
-49706 -38865
-28870 -55007
-11180 61106
-8542 -21361
-39815 72743
29710 64127
-20958 -85205
-34223 74244
29491 -51155
38146 34401
-36240 -84061
75747 704
77570 83890
23663 -36057
-5013 63205
-70208 -20258
24720 32944
-1274 -58631
-88030 44822
-21315 -85468
-29514 -22341
18123 8121
-57884 -58415
78859 3719
-6051 -62074
-8065 46344
26142 -14371
15840 -42164
-10391 -7662
45090 -20705
28479 72029
-61650 89962
