48
-24161 45204
-15876 22401
-2034 -49176
25203 34117
3975 54162
87791 -5413
62714 -15490
82437 -75624
-66097 -656
72416 -87006
-75769 97916
-77958 55204
-46166 4565
1638 56396
-57352 12208
-53969 81273
89133 42746
3547 -33356
18861 83635
82074 -59995
-4469 18558
74120 -24827
18557 -43734
6448 95816
-75995 72566
2329 -97227
-26053 -35347
45463 3207
28960 -40075
71135 -87757
-43182 -49954
-58802 -45294
56929 -9602
-59511 -32164
29691 -93706
10038 -91440
18178 -73781
-10879 90437
76003 8297
-71861 88493
42927 43089
-2556 -43730
-60806 -92122
-85409 -88961
12972 -52037
-93346 -59608
4356 91503
-89572 -97373
