44
72802 77861
-19614 25644
83837 17420
80061 89585
64123 76288
78958 -43672
51026 41819
-70431 -51661
-2923 48743
20891 57507
-49323 68569
38669 -24336
-25033 81662
34378 -2895
15824 86906
84512 38416
-88880 65385
78330 87531
-49638 -89990
45701 52227
-34067 37574
5067 25678
-6643 -64571
-200 14505
-19394 -74610
-59058 55381
-19080 26992
58761 74832
83128 28371
-58410 -69148
81780 85597
71168 -79462
76180 54103
-70367 16560
-48334 24773
24523 -70736
67917 69209
38847 38077
18812 74084
72370 8332
-50551 -77053
-15254 -20936
-7602 -89841
62602 -7196
