91
59165 28582
49674 104698
10028 109026
67606 -8366
-10953 14648
78715 -126918
-112972 44236
86800 6573
-122092 -114291
-100539 -2154
100605 51461
-123077 -44283
81683 132615
134407 87067
-111497 104161
77922 46352
-65520 -108136
-107967 -38474
75926 -21237
-9524 -28975
-7473 7634
-41660 -38395
-1611 30691
-73522 118933
88262 14776
-89728 65724
133256 -36454
72077 -107937
73320 -122928
42021 -23961
131156 93596
51662 -96197
-91486 65825
-31597 45704
-108270 40510
89444 122013
-129771 37397
117851 9093
13444 112816
-51045 -9692
40592 31792
88401 -25847
-57575 104540
-32598 46531
-19862 -16778
54660 2025
7762 -96661
121044 133609
127795 -20369
-121175 37787
70455 -123198
27908 -53567
88636 -104914
-48135 5857
131197 -75667
-15584 78299
-56487 -102783
68849 -110186
7310 -129575
120707 73026
-54902 73458
-117719 54058
50609 -116483
-74024 -33413
65317 -48502
-18707 115771
-39084 115297
125945 32331
-44905 24635
-71760 28978
123929 -128476
57171 125304
-62679 897
79488 12422
-45631 -89645
49575 -106602
-101903 -45506
41332 105067
-114436 124894
-98240 -30694
-17296 38371
-46722 -64270
-120969 101895
-117242 971
32236 -57431
-40009 -45469
-25111 14883
44770 -58968
-69189 9321
-100741 -123636
42131 -65854
