75
-17128 30994
-1313 -52940
-100667 101784
-58748 23914
-120645 116587
90733 -95623
22361 60775
-26551 -29344
117189 -46355
-48408 80353
-50687 117003
107212 -26908
-90329 -46352
45927 -55739
-103588 97949
110176 -3685
75524 -48937
20186 -112842
90084 21951
88758 25778
108658 -688
48444 19415
-96655 56187
13950 -68285
35142 -63856
-48570 52388
-1485 -101495
-13701 -84751
19579 81374
8408 -21150
-88495 -103872
-7557 -60822
-69474 -1811
-70184 -76846
-83181 -92631
-107494 37511
31360 536
32847 34883
-12573 53283
-43014 -32556
76172 -25695
72344 -64165
24375 -67187
-23161 52342
58425 -108922
97809 -61921
26957 -122335
81063 115235
101646 121846
100090 -15117
-118065 -15676
73311 57976
7509 114789
85190 96673
-79 -87394
1713 106488
39616 -34802
-67794 40826
118924 -109753
-23456 122246
89135 -77870
-108302 -73276
31090 -40075
-110719 -15425
-58416 100872
48057 61116
102368 30676
17942 -58979
48262 24200
-65595 86672
35591 -96501
96375 -12588
19614 -5500
115970 95479
13337 63121
