99
-140597 -125608
13044 135266
118493 -42923
109567 111639
-17700 -70729
-75750 121216
81992 -63741
70283 -73439
76725 9045
58743 -46805
-24286 67987
-63441 112946
88872 52252
-49802 130316
58008 107091
-64230 96775
83146 20179
128336 47180
-1409 138275
-55957 -96237
-107544 -124511
89064 -23219
72639 -95885
59876 100535
24957 -11814
-89866 116174
-80248 84556
-43430 -101800
-8206 -30802
-53673 20344
-72997 -87906
-26953 -112516
45419 65113
102049 -114564
-111927 136875
-27878 69628
-90530 -60322
-123311 40010
-69348 49333
79509 111576
-138915 17048
102790 -43488
46860 94631
22634 114042
72954 68926
-42952 31087
64865 14101
73162 93975
47594 -118508
-96497 -121546
-3680 88317
-29475 -132273
-120727 -35656
83366 28067
-1950 -16776
6642 -88228
51343 -548
38166 -47780
52156 -65334
1071 29758
-84577 36939
78935 54922
56584 43588
-24188 55905
20120 -48158
114507 9966
23710 109474
-70089 28361
-80227 -66646
-126136 21060
-35699 -50483
-120237 120879
-122255 -49682
-68852 104139
-41044 104139
-55368 -51498
85210 -28514
-120799 -103505
-26562 -30894
93992 126664
-66099 30483
34810 1088
84161 111498
-22125 -30390
-50067 60281
35417 -36417
-122832 98462
-37110 -94739
101895 87182
-4014 -134911
-58280 88129
-63723 -14923
83478 -104467
51854 -50914
-128358 -64225
90228 51921
72891 -5074
93573 -122082
-23384 126473
