94
-29303 114612
-81162 -59261
-14486 -46320
14885 -10392
-135043 33737
34826 132085
-52093 46704
-26199 -77718
102799 64152
-98049 -11516
-57803 98963
-132109 99698
-56662 60990
-68498 13524
-57258 56154
53225 -124724
-68182 -136939
107956 36275
132614 83406
-104610 122577
-93727 108122
-27280 109792
-129720 -86573
-716 -45585
26198 -103384
-67579 -20455
-26500 11022
-135578 -127275
-8245 48160
46736 12042
-16614 57690
-127070 131993
-6229 98351
124653 -104539
43622 -65707
-23102 -28307
119057 39859
-10742 -85064
-122033 -69469
-65071 133512
58447 63993
97196 49964
-17627 46068
117696 105951
-113188 1515
-101519 -35212
-116119 70737
-132717 -74325
108946 -82750
-88135 106709
-90679 65339
-111717 -40024
-65853 90420
8787 -40974
132326 86765
-78328 64416
-56036 65389
-115552 83909
-9848 -108182
-51029 123202
-56486 -91314
-46336 123074
-57031 74053
62446 32633
-66626 136156
30914 -19824
-78382 -105367
-23183 -130302
14088 -96394
10810 15753
101317 -115280
-9380 103073
94559 15255
-11517 38559
6844 -52537
122229 90210
-13184 -134281
135858 -7112
-14975 -25322
-96339 20585
27972 84356
-29513 28393
-31398 76106
-120274 -2374
-114746 14010
47507 74444
-94359 -136926
43154 53336
72377 -91644
11969 60301
-92486 -88287
-38019 74459
53262 -8328
-104318 -8806
