72
31027 -54323
-104655 -110119
105392 1619
-64348 -79502
84279 -24367
48722 33782
39453 95715
106088 35446
-43003 -80880
82502 -18410
87679 -18342
-42230 -46227
58983 25133
32858 62325
-57546 53860
50158 21246
115419 -426
-87980 64521
34920 61621
103250 -82035
-31767 68393
51274 -104106
46552 74843
-96536 -96157
105941 119878
83293 69107
31639 118500
-15735 -68544
78317 -74028
3037 -117154
9241 -42964
-58346 57047
-49718 -104848
-116037 -7525
74416 79583
-11194 -89211
-89256 -75891
-75945 -29143
59685 -22782
68778 -9644
48138 70871
-65261 118185
63551 11575
-87429 95693
57656 -98150
43782 -106484
-91851 72035
85885 -4853
-87820 -92590
13972 -39976
50946 4534
-88150 -117987
-112126 -111794
26965 -39905
-59917 -71364
-15840 -119769
108417 82388
-69688 70517
36913 -45836
32986 69682
46795 96881
32723 -32662
-119589 83446
-18440 113406
-39181 -102012
113339 119680
87852 -9571
-30575 91172
44126 -119560
63479 31376
118827 -95626
-3540 -7520
