47
23591 32665
10875 -71170
-34481 -84099
27798 78190
64878 27377
16195 -61924
34338 -94746
-69080 86676
65714 22608
-2713 -1821
29469 39870
34469 59103
-60497 64720
55703 49487
39954 49246
-72237 47558
30127 4344
93737 -8095
29284 76714
24356 48334
-60773 -49241
-65181 -23278
26437 93488
83489 45950
-36862 85744
15257 21584
58341 -20715
79936 20175
63463 58075
19529 -55826
50374 84669
2912 91353
-67435 -96127
-91903 8118
-14515 35807
-52533 76219
-45776 27112
-90414 -71881
-41651 25437
-56436 52003
27914 53243
22529 -79340
70439 -61125
82891 90557
44984 -13657
37225 -40823
-52791 82576
