60
-58011 102140
-109317 57166
17687 100104
-29566 85221
91121 -85342
36583 -82776
16618 -45755
-61147 -15727
4015 -84450
-66204 -23554
109521 -15525
-74288 -21154
23572 -25010
32095 35118
-30946 41770
19553 -82867
-35848 -85702
-34652 105467
-80550 -105400
14847 36708
-25672 -48637
59810 -22061
-90419 87556
21380 -30876
-50289 -41934
47254 -32636
-63524 -21849
-44229 27483
60066 -106815
41188 11243
-7349 18101
-1268 70212
11606 10838
48547 10624
69306 73218
42502 30055
63190 50724
-10432 -48977
102779 16999
11476 79277
30260 -23847
100814 -4823
-50717 12413
-17843 -67525
-72499 -18198
-56578 45974
31418 -101125
109089 -75116
21692 76009
43200 94941
79544 -103426
-8547 -70033
-16592 -54909
72780 7487
-9487 41889
-16927 59112
-78771 -98898
-13710 -13598
-104249 -33519
-42034 11536
