86
-52339 -66144
-99559 -67052
-28738 -82535
-56753 -26295
-57629 59509
-6384 96352
-30978 106972
-70935 -125222
78583 -58822
-55156 -32258
56226 -54600
-38629 -23500
-114376 26717
112918 92359
78165 105962
113560 -50420
121806 -34364
75118 -8867
-81993 -77636
-123376 -127371
108505 -52283
-6808 9979
18669 114134
67323 -46666
91710 43043
-114308 -39068
83676 -76570
67308 6122
-30307 63702
-57123 -78047
-17230 -578
-107190 -79823
-98693 88402
-102902 40103
-117799 1860
123935 -86002
-116827 55640
-10977 -58134
54564 -100975
57766 30835
2228 -118497
55467 -8396
-125880 51055
-8996 91633
76992 -6267
35213 -80286
122582 61285
95864 7377
-32045 -22064
-84644 16117
-25060 70765
-45381 16481
12714 -75765
64486 -89467
-83654 -47786
55405 -98749
-114907 26790
-27723 -25494
87655 -109011
113667 -78566
59871 12789
26524 -7499
-100154 -32203
65557 82625
-99350 51513
35409 54060
-73461 -54872
-31295 -103988
96219 -18925
91717 -93060
-44333 91820
105704 -544
-89415 -3564
-33276 79041
22563 -48075
-101667 -90744
-87501 107043
-47574 -46093
68879 56240
-44111 125782
122653 16606
62290 34168
-32338 -26542
15232 -121173
-71545 -99713
81917 -82208
