99
43968 -101602
-13945 65329
-36416 -63480
-26709 121596
-85143 86602
-56655 124646
-30631 100304
12442 -51481
88405 44790
8053 -86314
-124476 12616
-77977 19686
-62592 18054
95343 5631
68639 12324
53458 529
-31442 -97792
110439 75584
12643 -132890
101746 -90970
89052 78161
-1426 -52328
-48367 137908
-53177 120295
47639 -76059
119652 45287
2456 -7283
-110036 -74212
86648 23807
135481 90835
-15860 -68081
105006 67256
-16195 87633
-74037 -70779
53629 -91170
36911 62478
139215 89947
97363 -104603
-83754 46363
43073 -91136
119258 133910
66103 61315
41776 -61954
41869 -65965
-67766 -132214
83924 -10991
-42011 -4471
-7576 -44369
47559 -54354
-122570 55196
60384 -112186
49388 67157
97493 133418
-19047 -12803
118598 134490
105044 -97924
-138741 -56759
13817 135019
24009 -25363
-48681 21664
-97266 136508
-40646 124555
23228 75821
-117345 -39773
15695 34426
-114838 -53147
-126355 56346
45738 -140003
-1157 49128
-93772 -33588
53512 48510
-137043 -74377
-88839 93304
-99584 127981
131620 82657
-68856 -42691
-26926 13446
35835 -74452
48855 -42673
7048 93009
26336 56769
27128 -12869
-75180 -125520
88940 -64703
77443 139794
-410 -108481
78888 32057
107017 -7290
-8907 -33455
135808 101104
-125592 -17212
82491 138214
116110 -66027
72141 35205
68396 512
87806 -95086
-13335 -31045
-106993 31204
43445 60881
