63
61698 60331
-45083 61635
105271 -83171
36812 -112123
-98416 14116
-63939 -46452
7831 69127
45449 89768
22893 -69834
21638 -2843
-112222 -43060
-9831 -5131
97625 57171
72405 -44991
-97386 -16535
7470 -93381
73158 -61902
79913 46129
-97101 41336
80134 38756
-64304 24238
111182 -84607
65151 -17726
18674 -106081
-57336 43726
47631 40728
-90530 8738
-25554 72331
49150 -6541
-58229 -89330
36103 -51592
95725 98207
108723 -23220
34377 97121
76847 50801
54658 -39934
28849 -91872
15875 -32555
-105605 106327
-41086 51123
-81780 57757
-71969 6138
96369 -65913
82120 -41010
-7310 -9513
-44713 -16181
62994 37358
-61264 36829
-108421 -68877
-86758 -43861
-8578 24764
-105100 -101082
106723 -99932
-66413 -79972
22800 30192
-101468 88442
17150 56014
69628 -56693
-109261 -107692
-56267 -10817
-84813 41869
57945 -63988
653 -7073
