97
-137844 -70980
129009 135147
-70726 -73442
-110713 -129547
-220 -91301
4528 -42692
7506 123606
57510 107328
-90300 -72435
-90899 33274
46480 41255
74338 -13305
19698 104216
70638 -85027
59987 -14438
58725 128400
-71574 -139121
-6569 -10021
-90791 3076
-25684 -105134
84474 88013
103658 16253
114446 -48172
25951 -48931
-111941 13221
96122 4735
-69729 111937
109359 -122952
48452 20266
-89796 105255
4200 -113618
-28402 -25827
80068 30514
100826 -41748
-63784 -69127
90734 -33967
-114930 -74788
-77893 -83111
-32283 22451
100407 10283
-25039 -136564
96725 -56748
124273 -64709
91069 -119779
-79704 94141
-54585 112038
9897 115472
-78500 -35199
-68319 43338
104421 -21057
-135443 -62502
48269 7528
-101108 83773
110773 -37995
89551 -86450
128196 111129
-83695 -135926
98278 47207
-61312 -136773
109990 13190
-111598 35144
-66480 107414
-64845 -63257
11972 -20224
106876 28447
-113536 57428
-21273 51923
28315 72682
67630 -58111
-3460 -94292
-107344 -33492
12625 89303
-4474 84541
17303 -125040
-76368 21116
131965 131196
111566 58779
61684 7535
128275 104504
14628 41948
-116509 126669
-3592 -79225
107761 -110049
-108637 -39912
-68112 61625
135187 -83755
97704 -138099
15837 -64318
57374 5963
96547 41658
-31862 -104353
-61523 136168
-30620 7071
-13782 -12172
91714 32048
-108512 128518
84785 -94174
