48
2721 53523
-36182 -89498
-34003 27938
-43116 27875
-88483 54214
22786 -88478
84700 -48809
85471 36465
-36323 56885
66331 -95567
74394 -9770
-38654 -10537
61784 -35458
39681 62616
-64196 -18590
-65874 3321
-44545 -62300
69038 31820
87135 -48135
93248 -75486
-96908 -85000
84840 -87345
60217 -91900
38201 73048
-5096 96594
11611 85993
-56966 -38003
58389 2972
-94859 -22264
22132 -83126
-59177 -47304
39917 60379
93008 59960
67466 -94226
485 -72612
36074 72507
-2616 67095
82710 76601
-18033 -59478
53497 -83680
62160 -64723
41884 28616
47979 58523
19350 50120
43309 -87982
-33648 83012
-73447 51183
-7820 44714
