90
103987 36053
-86276 -40654
-88819 123207
78606 121198
-134031 61489
1553 -40156
98208 -46137
-61999 85322
16004 -110745
79001 49296
-97203 -1860
-61200 -77549
33299 42644
11544 112512
-27674 54859
43539 78674
34601 118653
-118043 -60189
95914 119196
-16547 -84968
-72019 -128753
1621 7547
-46965 126418
-91220 6903
16369 -81752
-107699 -70310
-18003 133265
45495 45558
-38076 134111
-38747 39037
-8916 -21953
-106406 46197
-117874 68008
-58608 -107707
-82425 26515
-106083 -105637
124532 17038
61529 -4114
20990 38440
-95485 -67358
-7115 10737
13587 101939
37395 -20557
-86855 -9209
-51292 -32538
75496 80734
32200 111979
-86517 -88925
-52038 132104
122076 -14902
54724 -58086
12959 -73750
119041 -70408
-70213 89411
61238 72422
-122600 131062
129789 28988
53110 -109955
-117284 -95512
-116390 -85889
130021 118673
-37932 -108371
42990 19686
-106383 131158
-13290 -131368
-60163 57554
34521 119474
-81394 111027
-47120 55190
-69529 61092
52246 101380
27583 71119
-86907 52166
-24281 104726
-81852 -128400
-118522 16141
-106017 -81453
7638 101714
60511 60160
-35331 -19142
121625 24470
103451 -75652
-33293 14923
-34418 -26743
32106 57572
-33035 46581
-129233 -80744
54204 16057
41141 96384
35041 -107825
