46
-7605 -49218
10913 60393
94948 -69026
86123 -17644
30467 46096
-44718 -31992
49883 -68421
-92905 -60699
14930 50051
53281 22315
-24960 87756
3122 -38526
81351 -19711
-60086 18303
59275 -85434
44430 16565
-36619 22525
1267 2981
67219 38145
-34283 44411
71944 -15110
-55338 -50475
25218 235
62656 50165
92277 -15660
67718 -61084
-34422 -20759
68620 22864
40669 56715
-4203 -43873
-76456 81210
-85048 15652
33765 78017
95894 17955
-16590 62245
-82818 28990
95521 -92428
58522 -90340
37802 -21172
-39181 76244
-32411 -18879
6456 77572
2621 -26562
-64894 87446
-53805 79133
-4658 -32688
