54
-18491 98471
-72353 27229
-46979 43620
57464 -90945
64070 -16373
21752 -92703
-38086 -78530
-69207 -83738
2825 19853
27001 32791
103273 -103865
4171 -13036
63276 -62436
99135 36261
-34497 100109
-1093 57660
55545 -71070
-98447 34845
-63449 -38916
84296 1706
95430 81081
51940 102639
39716 -77377
99528 -99156
-102691 -103635
-82245 22919
37547 6702
-40219 -91774
-93972 101299
-96378 -58019
4382 -41937
16698 59759
-44162 -84977
71126 -100129
34738 6719
-8813 -43210
-96596 44768
50872 -41992
9674 -35799
103224 -92545
-17216 -99173
-102627 103642
65219 67097
-102045 25718
-19319 -17826
54385 -6473
-85762 25545
22996 -13762
-45518 -29075
67601 84430
84937 98909
-68492 75741
77726 -3216
86617 -14248
