76
-102537 -28628
-14149 21149
-114474 25234
53895 117109
57126 -55532
-96624 -80316
72313 -36505
-118738 -108275
879 -83239
61226 4461
-122594 -116225
26688 34392
-85825 76350
-91773 30748
-108201 2368
65060 -2371
-18206 -68045
-51766 -42075
-43842 82772
-22053 101855
48352 9253
-122382 -64491
61169 4827
9120 -40680
-86025 51181
-96869 -29795
32622 69492
-61224 -15172
46405 -23127
-116174 -175
-80653 20691
104721 -40896
-80658 1087
-17965 -110093
122026 114795
87275 -109375
93645 39482
-37706 -91368
73985 -21563
38348 16585
-109611 -29236
22338 109822
-23081 -44317
-8419 -68860
46312 -99114
82522 -61729
108409 82841
-44895 37250
-105097 -72839
47523 102501
62691 107215
94534 -93473
76235 87181
33429 -18808
55882 95385
81910 -112611
52465 -14958
-42608 111333
103945 88837
58526 -36855
57254 113901
77738 -24126
55484 19574
100844 88158
41832 -69274
96117 6776
-34241 -97466
119980 -6150
83857 48966
-32448 -84162
10679 -6222
31945 -29428
-86290 71951
46400 42566
31656 104168
-61621 -24407
