74
35740 51082
115953 62604
5848 -48948
-47408 77656
60127 40418
40436 -88001
62765 -73624
29778 45247
66493 46163
43533 52396
-104657 -67783
-53308 87173
31299 76468
48027 103942
-105282 13402
50271 86911
-21317 -98247
-42436 55340
26439 -62947
-11037 61286
-72890 -47373
57359 -22819
-19192 76551
-48203 10727
76292 -69677
-107575 102210
37038 -57130
-117256 -4028
119823 43382
27182 -67356
11499 -62252
-33394 23994
-113285 117425
-35900 13997
38844 -104497
51261 79384
-35626 -33134
-86599 37097
67609 -60879
-10722 -64675
-77035 -8591
33123 -30223
-111353 86967
-37806 -75382
-114513 93263
120552 11721
-10804 3530
20997 63131
-40944 43754
-21857 -12054
-58462 -101894
72940 -91197
-93737 -32312
-8572 108993
98162 -37725
82345 22860
1754 -114835
8894 -8834
101434 -16847
26664 40779
89332 -63647
-26932 -25805
33555 69747
80077 4190
42846 107404
92461 8217
72963 120361
89547 -2696
108373 23998
-15369 -76999
70470 101539
-53355 -43402
59617 -102034
-84038 -57618
