64
-93676 46904
-96115 71081
-73442 -69297
17934 36503
-31414 -3237
105078 16862
17802 -82695
-26784 69244
-92221 -108982
79131 -21666
-39153 52381
85413 -2712
-63947 -95134
83930 -72899
66973 -101634
-68691 -43911
-32596 31671
105876 4985
60221 84412
-92177 50081
46946 2095
10060 -88644
35221 111110
40668 -73482
60969 42012
98609 -4993
-57538 50374
-83290 107497
-44038 -92656
3292 90984
20064 -25454
-83189 108691
-13229 -110604
-74389 -47749
56566 -4474
109615 -84517
-45789 10900
69446 -102359
-69586 21709
-73982 -19510
-63073 91229
79796 -60329
-73916 -43425
41186 -74840
-12811 14807
-31584 105958
-29256 -21252
35540 102160
-12363 -19954
-56529 110439
70870 -38007
86037 24422
-19931 74047
-108760 -76672
5379 108181
-74179 92557
-82231 80903
9865 -2152
95006 45323
67819 -80018
-54328 9276
-68111 -102045
56836 -38174
-56563 24795
