63
-91045 53115
103005 60155
71087 -49680
23502 -58254
-62109 -104338
-77918 -55899
-100980 -77943
37009 -13781
-29157 28016
34461 -80359
92441 -53397
-58644 64505
92542 -110891
-21101 -57526
-90922 -23189
-31730 -56638
80729 82948
90029 100042
14754 57149
-1594 -94810
34611 17823
64418 108814
-48474 11583
-63764 76565
68807 104367
520 -106674
-49547 -18138
61960 -46913
18997 -49529
-42996 -34372
64134 43817
90699 50564
-57548 47729
-80961 75238
-83537 79354
-83379 85379
-27717 11063
34137 95587
-53531 45185
70881 -79880
-87307 83186
35405 73176
-67552 -21596
-58848 -55823
91261 22924
-53048 90668
-47105 57462
-70752 -86150
-42511 -35929
103033 -17068
-52043 -70045
-75977 28286
-103163 12996
80207 -97362
-90652 103781
45303 -73532
-46753 95701
67493 96063
15818 52801
48121 -15054
-109986 -86177
18495 -72516
-81496 83529
