61
-107068 -108793
13705 82086
-105625 8760
-85393 16511
-98722 -58102
-60137 -82890
101598 98287
74744 33106
-73060 81654
67719 38286
4498 42238
-31537 40388
-56487 46637
-48583 -50661
11074 -80612
71376 63280
-43182 91125
-8906 75041
91354 79620
885 103420
85629 -7573
65533 -64473
104197 -67840
59261 -96780
-46603 67591
-36961 -100017
-55345 70282
5247 39996
51522 35947
-33613 101614
75185 -91735
60412 -5754
12184 63951
22315 -62956
102699 9552
90601 27643
-85317 86201
-84041 -34712
108204 98398
-1805 -85561
98226 -73711
107404 -46986
-43819 109136
58117 51699
51852 -91350
-4139 -106077
-50548 -56861
-31114 97510
-28405 -56873
-15422 -72014
-19618 25759
-28167 25972
-74052 -30483
91551 97068
-46857 89483
-60691 -63032
-73361 88160
-7386 885
105413 -70987
60582 -76320
62405 -31041
