88
75435 55303
-2414 115435
70691 46573
-120476 -116006
66873 56145
1699 -85721
-26704 -46801
131763 97780
16189 -44905
-112307 -130078
-33490 -98612
-102591 61779
-83256 -87358
4633 -6886
115461 -39041
21686 -73651
-73549 121550
-49960 -47144
-68260 97799
39491 -52160
101707 113848
-95212 70085
-93409 -99819
-42922 -103902
-72026 14574
-49048 64091
112641 -91184
100320 4719
-14737 804
8597 -70207
4643 -99561
70643 16781
38666 -68198
61795 114797
-120056 55271
-130003 66630
-20175 -70078
44070 -5237
49230 -89427
70787 -83335
-47727 -23626
40760 90629
-60690 83007
104495 -54766
17746 -3872
107589 69082
-37992 -83868
118535 105524
66915 -76805
-46108 113531
49614 -85534
-100742 21795
32031 71701
-80343 1655
131171 23184
126983 -49782
-26529 -92726
47482 94969
-51003 -76668
43841 79266
75993 98312
-2752 -105632
-7607 96413
-21066 36074
52718 -66317
94205 -11873
112403 -25108
105384 -127332
16011 -77534
-12226 -52945
66983 -77421
103245 -37339
116993 115879
54666 59418
105079 -46955
55472 64260
70316 4483
-119328 75362
8724 -70229
-72059 67738
-93993 -62327
-33025 3642
65139 51534
-14583 -81681
-51827 -53821
32190 -78615
22885 13091
-91895 15458
