63
37286 9011
28834 -62192
538 77175
-14599 54075
84440 -1398
25338 49441
-104342 85289
-20585 88504
-22905 -112199
104603 77414
83191 19213
75580 12568
-77771 -41297
-103135 5060
5245 -38554
-27124 -106979
98612 -14407
-145 74273
-28439 -37183
-72014 17944
34287 -41189
-46517 -67206
32276 -105763
47690 11482
-75615 -85094
-33480 34243
85201 21917
44871 69809
-21390 15467
-53827 49292
99929 82120
12903 110251
67457 85527
-34200 -8165
2545 106472
-110341 76460
82642 42758
24103 -7512
-17888 -88192
90033 -27972
-71740 -79373
-26527 24452
77949 -99144
24260 -68656
-64253 -68485
-82314 56685
86594 -67790
23062 72567
61104 -93798
78718 -64768
-44237 65767
-26122 -41706
95375 -14024
-45799 -18497
50848 7087
-76053 65844
-76157 -3785
8833 -27558
-67047 89060
60344 54003
-5335 -8894
-20676 68414
-18105 -32809
