44
-74815 -73723
-73397 -22217
12297 11492
31085 -92
-71873 40346
11524 8941
-83688 18290
-72669 -63905
73731 15473
-85716 59770
33398 39182
-61752 -34051
20027 93185
-79890 77106
47498 17540
-36418 -28594
-66104 18986
84848 78223
77078 -26213
-1852 -60715
-32988 76768
69198 -1786
-47304 62756
-58272 -19080
12683 12762
-82966 -92103
-31095 -92182
-45558 41156
69859 -9000
31710 82991
-44718 11952
66519 -84415
-29070 14965
-47325 -27612
-79752 44370
-81305 8743
47074 -82781
66958 -38900
73893 -9192
49639 78985
-52046 -82967
73382 57943
-43034 70561
51960 7624
