62
-81230 26741
96843 -10930
-7171 -29324
-397 -23442
-101147 72525
-97147 39659
56635 59034
22438 60099
35502 90264
100383 83638
-104330 -5156
-54675 -56165
89237 80415
52030 -97185
59654 98523
773 -85835
-16706 -90064
77404 -54052
-110774 41125
99982 71618
23047 6958
-75235 -26310
70750 82425
-65654 -21239
11803 -84750
14328 108118
11536 -96833
-36144 -80620
-73058 88235
-3344 66398
-68721 -20245
-91608 -45928
-70195 -99320
-32374 -23766
65391 -24003
-105608 -78643
-80838 28499
63644 5197
69834 -103175
101202 -18552
-69829 47298
-70772 -64450
-18419 94480
-52545 -63020
-61618 -52956
-51550 -60232
-70236 -107973
102867 84600
-66346 -355
-43762 88114
-16498 11473
-26523 -51550
71759 27630
98419 37422
104979 -91331
-100183 -2648
-91157 57376
91812 -22787
-33745 -36829
37049 -7542
-57572 63936
-15375 62819
