90
124786 -72844
57614 -23091
98218 -57783
-89136 61451
81304 -61709
63750 -27366
-26085 47021
83647 -63579
86376 -35583
82283 -45759
-20173 -106555
33290 83489
-126618 -81642
31623 -4173
-101640 -105682
101875 8616
-3527 87072
-97596 89650
-38825 74690
25639 126990
77999 -77866
65385 -28146
-52388 -129085
77202 68229
-14990 -108661
-44006 110745
-37082 -114756
-117820 1639
130088 77206
128495 -94586
88682 -65227
-13399 123382
6624 -95145
-36919 -40834
-125970 -45890
88274 23691
-6229 30998
129830 129105
108839 -65280
119516 -69143
-13407 -23821
-93862 -62162
-5494 78347
-26348 45507
93229 133280
55236 -104004
-15415 30246
-115177 7366
83506 -104900
-28314 109809
-12344 -37060
100051 -42530
-21509 13886
-8782 -126464
-86890 -85905
-130278 -3243
-41082 -20610
-26846 90441
-82625 -107409
-129855 49536
109174 -133941
15649 5259
-35383 66924
47741 107643
50324 -53909
70485 29022
127709 -119851
-97762 -29382
87177 -113852
-61589 111050
-76925 2116
-28704 -63048
-15117 81760
-122177 -1307
121604 131518
-10137 118566
81164 -29369
48452 110005
30404 28355
-88458 130182
-42036 -73348
-22142 94038
-21273 -126397
71987 81110
-93228 -15314
80600 -26
-112183 -69234
-32313 -121748
128375 113489
-112920 -92697
