91
-114445 59124
-76653 -62845
52422 84114
87142 -78678
87076 -86814
4837 -10967
-63985 -129221
33186 92068
-113498 -124464
66324 -1036
-30882 -36666
-3092 -9315
-89317 122391
-618 -53576
-50780 -80700
44196 101584
-16868 -104824
63822 -124591
-78096 -89650
-48790 -111226
-76230 24740
87881 130573
21357 -17857
93305 -26146
-124150 14228
-51914 -57859
-88734 -42956
53051 -79057
-97943 122645
-129984 -11756
-59520 76210
-111189 11553
-93563 -117942
10070 -13363
-32124 -122659
99765 -17763
55317 99685
-43685 123697
66536 -70236
-68392 -21976
12401 114398
-50550 -6779
-128467 -101851
-58160 -49979
-131173 -52853
34796 -90577
-48921 -128670
86931 -73892
-60522 34638
-101141 -101552
-36172 98943
-53144 -53937
35301 81088
-4918 -69774
-9054 -80097
-61841 50006
70555 -87034
-49644 -67132
99142 27759
15826 -79781
102889 19931
-117480 -115908
11584 14968
38525 -127533
-45971 68393
990 105292
72297 -34363
-118037 -95231
-14371 -125972
-48279 14516
84728 112294
-61966 132412
121975 -5815
21996 -97449
-116277 21797
51620 -12250
38621 66713
76051 41776
12156 42345
-123569 -109786
55309 -59141
43983 -128302
-8016 64775
68495 -26797
-89420 8199
55710 -17673
-125365 71001
132442 -51448
34881 34816
-57916 -18066
-13688 -14804
