81
-114729 -103487
-61566 106988
1922 94525
33388 -115939
56336 -109698
1990 -1199
20817 -29226
-1892 -17933
81553 -89577
-26062 -5216
-103927 -57354
4779 70381
-17700 93652
80463 27796
79588 70855
-78044 -16302
13256 -102413
24118 10129
-518 -82558
10196 -126541
87439 -84631
-116458 -36905
65476 22755
104541 22022
-52233 -64388
-80977 96318
-69705 75737
7079 -87292
-92469 108935
-26960 -84263
104041 -104690
-112932 91375
-102753 38102
-116706 -97848
-20002 -100688
62039 81384
124516 29120
9527 83372
-116247 33377
8152 123708
76810 37925
-106459 123532
-83948 41622
-61659 69167
-66317 50718
-53641 -27505
70699 -82509
-125527 -100875
44560 64902
14760 73744
41585 107891
-101232 -25426
-22160 82558
-87234 -61640
-92195 101838
92355 -90742
67233 68650
60388 93731
-71321 84591
70264 -63225
-32064 -110137
-123556 -89761
109912 8723
-24743 88462
37094 -89811
-18506 88791
-30263 80230
-120092 -112530
283 -95374
-112398 91564
69924 5294
35800 50818
-95507 37662
-122521 -71830
7245 66258
60304 -19424
-54385 -29542
109652 34681
-4030 38236
-113852 4200
-62295 1559
