69
-72338 -59749
-2579 114283
88759 -1282
52896 -55680
-15564 42118
18099 89944
-60510 -61356
-4282 -44956
-44661 90744
85300 98516
45143 15721
100310 26201
35751 106947
-111218 4986
28891 48962
86355 24217
112141 -106209
-72426 -54744
-103854 -78280
81272 -69580
92565 -231
8094 -10068
-26011 69024
-31686 107143
37705 -84816
47771 107236
-78291 79083
78049 21869
-80350 -93042
-41793 47036
115893 -77143
111710 -8134
17405 -112801
-68092 61414
-59607 -109251
-41506 49704
-54155 62630
-62350 112818
70108 -21088
-7364 35839
-74952 32310
-60671 68825
5800 88070
-43778 -36093
45116 -47197
43605 -36625
70856 -80089
-16559 38337
-60671 23752
-50077 -81354
26343 -81643
-90757 13735
-4586 -43126
105175 -65369
3007 -92688
102941 15921
-38507 13822
-18690 116979
-37924 40145
-55816 -77435
-40275 77674
-5286 97317
55379 91646
8695 45583
89138 889
53886 58987
102910 77787
84059 -54755
78909 100494
