89
56425 -24790
-31387 -54688
86378 22345
40058 -75540
-7352 -112981
-39239 -53936
-37610 108244
-125491 -24614
93320 90266
133260 -34406
116044 66951
14297 94623
82598 100722
83453 -41293
26057 -76082
121094 -54165
-108645 -53770
68844 -8817
23658 -123746
74365 126720
49725 38757
110982 -30913
125474 49289
-73505 -122401
-73372 -52934
-108015 43031
5625 -39454
-87556 -80895
80486 71244
-20575 -132678
53830 -36504
-15624 -45224
-85777 79941
-120739 91766
-49909 24319
70768 -28301
96362 -32299
28593 47795
10790 119320
-26226 25929
105810 -84430
-9599 -124639
4200 110948
63057 100291
-50152 54468
36146 121987
-126204 30952
-44526 -39623
-126792 -46646
87303 71746
-111226 31927
16515 -77052
75965 23180
91494 21827
-98538 120300
37376 -66001
-75601 -85040
-28965 128719
32618 -29321
94894 105635
-23184 44183
-43368 -126788
-80903 -42140
-130662 40078
-121620 -52094
115652 48003
88343 46969
99918 -62940
79118 -29273
3151 -133163
-127320 39560
98503 -115082
44305 49004
-59173 -100781
114996 15881
33324 -117902
-90714 127433
63185 -104217
101278 116559
-4899 44759
8256 123718
16730 86901
-37745 120247
-35563 63895
64105 96284
11109 118913
-99439 24950
86924 -15466
117177 -48222
