60
60737 -56566
70153 35612
34747 -88189
5643 -92248
88354 -103064
108774 6531
42553 95687
43391 4788
-37775 107351
-20263 38042
-58689 45656
-70503 83628
53717 -33953
3949 -52294
13411 108121
41810 -65698
-77825 -30822
92299 -8578
-25823 43996
-35075 -93681
-27831 -35303
64624 42857
-94940 70767
-28035 -14045
-32731 19876
32288 101163
-28927 -48197
-70640 87773
-89054 16650
82615 -72041
-50050 -79181
4431 -86313
97825 55870
89725 -31429
55751 35432
55820 -20746
16381 -104232
-27551 -67373
8414 -61827
-80525 -88144
-65222 105817
62868 8084
-91722 -72137
-35296 -28525
42415 -108938
25620 -105612
82143 -38887
96332 28182
-6857 -79754
99875 106023
20895 53114
50630 63091
21846 -28521
21699 -65724
42821 14873
13718 -52109
-101137 53869
-11477 100517
-36808 -20002
-105641 104912
