91
64151 -63023
-22529 -112537
111923 -85035
31784 24244
88874 -55943
-79409 58615
-52628 97334
32622 -75980
-122419 -32651
117175 -132865
-128706 88595
18498 47026
-106959 62464
103170 -9126
15714 -22923
-18394 92137
-96107 -97538
107704 27308
-116611 129740
-53895 -128593
104276 100607
61990 -66142
36206 64829
-93131 103340
-75453 4308
-117659 -83748
-126907 -123592
119195 -81351
40477 -44872
130939 12705
-84460 -2949
48906 110945
-55338 75847
-97008 58950
43450 -16869
63285 -122232
78365 -1865
-77102 114979
92334 61333
76308 102489
67724 -116857
127596 -9803
98077 123410
81256 85963
53706 -122425
22571 15234
-117613 -94653
37151 -34518
3732 -134112
-56061 90159
71129 -28314
-52343 31942
-55598 -68550
43106 30675
18928 94393
33628 127932
-68868 -73460
-481 61288
-6638 -75290
-119465 -130547
-121758 34708
-49801 21539
-83260 -65420
111172 109394
53198 -90763
94953 -51691
106943 75063
-99054 -10176
-65259 -73457
51777 85441
-111043 -64173
-80205 -56786
-116332 115102
-53980 -98407
120269 -102030
403 -73173
68699 -3807
14165 69817
-128872 -108854
-48146 -133298
45029 4448
13018 -53057
-124571 39286
-72962 -51330
57450 36312
80627 -1065
38060 -82010
124060 90446
103378 -51564
33204 63218
15564 -48654
