53
39182 99017
81182 3643
14836 54566
-80549 -60239
77630 75714
73469 -82007
71889 -29455
-22105 14761
-27494 -83414
-3226 -44363
-71753 61400
-62857 70021
-82445 -89874
-16148 32279
86129 58187
-64130 -55956
2781 39800
-98881 -76747
-71688 -10974
-84158 -70235
32688 3503
-36048 -69304
-26591 54440
-68735 48220
48518 -81685
-26477 -17009
-91918 78934
-88748 35531
-55401 97920
-80428 -39678
13140 21136
93525 55325
69996 45838
12171 67210
-52021 39201
73266 -100106
6918 -16197
80251 -46798
-30642 -56104
-102907 -50419
84707 -84382
-73106 -60082
-101129 -10219
42485 100344
-87129 63881
-76344 -71786
89358 -14297
55280 30965
-44608 -74075
28001 6397
-22012 91324
-23172 30687
37178 12365
