63
31360 -99784
67465 64715
21447 -99351
-33702 -13806
51101 95638
-109609 96480
4766 -53329
85993 14821
-63528 9835
53458 -33729
-28878 25896
23957 65291
73281 -31634
73828 -41
15232 67598
-5738 -92254
-29415 -60460
70227 -63828
94641 73574
-71327 -43884
38815 13808
47871 -56486
-85047 58145
-37336 -77864
-86253 11205
-91801 19423
82567 -90480
-8904 77534
-25321 81805
30895 68391
36009 16324
60517 55751
15410 20502
-102917 -31127
66802 48893
-109994 83978
108572 -97024
-31949 56103
24342 -17172
84265 98994
-66752 -14049
-39380 28397
-43929 -12554
-65561 35679
102866 76779
-94505 -36900
15673 91227
20158 19443
5513 -5738
78590 -15887
-52972 -102225
77371 96394
97429 10133
-76229 3716
31905 -83700
-57685 -15832
100788 -3583
33767 -85056
21076 68737
-76914 31823
64517 -28590
-7949 8962
-10314 -13729
