46
23536 -24141
17858 93521
64863 15534
-36134 -15089
3392 27122
85139 3938
-70069 15745
12216 69564
-28144 83383
86033 78121
35042 -98
90253 28628
55083 -49966
6537 -52634
-65711 -47889
19436 75005
31168 -486
-26624 74741
83445 -90375
-80441 -54613
-27134 -79580
-19295 9220
75578 31601
91930 70736
-65118 -31770
91962 39896
-49357 -51395
-93606 -7668
15012 27442
92958 -95863
-4646 51613
-50745 56189
48149 -55389
-95029 27452
-11732 -76071
60645 46453
32826 -23593
49648 -43263
-92040 -13335
83684 -17250
44687 42889
34581 -16116
90824 70285
-72232 67174
-88348 24719
-1636 -42763
