59
18460 52404
69121 -92395
18583 -34455
39293 -59184
-63442 64214
49460 53560
-76426 2408
-103775 -13017
-65866 -25592
-75847 -56334
-16994 -27344
98206 -90095
30510 56322
12817 -3560
59655 -91215
9125 58478
-25319 62084
63335 -88569
27224 89730
39963 74919
105297 53463
68714 -84327
26920 -17508
67722 -20110
60156 39032
12005 55870
38336 21807
-71439 -50311
83946 70326
86145 -107644
74737 -52957
-75394 -64938
-78021 -43044
44335 74656
36145 -74162
6278 12278
101435 -92172
67122 -99947
1636 -58600
60181 2078
85259 49579
-42786 100907
24159 -45860
5150 100541
2847 39913
-85191 40814
-76258 -14138
-76076 91125
22076 -19808
80936 -19068
-61927 -50644
-24170 41724
-61742 103414
16939 85114
-4652 8663
-69056 7929
101983 75977
-26161 -25547
-10419 34488
