70
-101531 28715
-72846 -73813
22539 113379
-63507 -18908
83588 40446
-45338 69110
-95506 -115474
-45628 -95814
-61756 74586
78581 -26475
-22381 -111996
-10493 -10162
-30883 34418
4458 -95422
19622 -4762
51225 -26744
110767 61629
37988 -30761
46625 32558
30498 116943
83140 54970
-99030 7963
63913 34012
-60144 -108842
95094 12244
116382 22154
114711 33351
-103802 77731
30470 48020
-21209 -38664
110438 -63460
-71870 -20321
-106406 112538
16483 9304
24435 106548
-104552 40194
-27675 -49248
-23539 93326
115907 51227
109796 59170
-111501 -72198
-103649 14049
-42271 -13595
50097 -82584
73260 -48886
93988 65240
-59028 -87144
-12219 92321
389 28973
84309 -12044
22601 -88232
-11961 -97589
90916 79896
-104226 10996
28082 -63224
113057 108138
-15514 -4554
3378 -101674
94864 18115
-123 -67578
110689 -45205
51645 114586
77324 -55287
-66181 -48427
-25734 47958
-67548 -79245
77042 -57183
-105858 -87182
-112261 22144
77125 -20040
