77
109582 -28012
-39237 7335
86979 -94107
-83954 -71214
-15749 64533
36473 22640
-116541 84700
106698 89391
29332 -113714
-58216 -61511
-1450 13821
54094 27420
117874 66157
70333 -73854
-96098 70078
90012 -111121
99930 -28456
-45381 -51497
-119478 64104
115446 117876
3321 31605
112104 -35293
-120189 102655
110773 34293
-113276 -71883
29997 -34286
-105589 -7634
-114514 84253
28601 -65135
-102494 -47834
-88715 97589
-52920 14281
110255 -44998
112222 -85709
37486 87600
-49736 90483
-36293 -42288
-42328 85068
-579 44423
-92484 25876
-62907 -120150
-8887 -45339
77634 -93665
106109 -36743
-17354 -70425
-16262 69619
-10915 -50294
8829 -84243
8933 31777
-1872 14820
32133 -91014
-60056 123795
-10278 73497
94499 82054
6447 118585
89082 -123567
-1700 79812
-119844 -113467
19128 -86596
-68934 -95111
122881 60777
-84844 -33433
37594 33776
1769 119266
-17655 -35400
97299 -97254
-19311 -36279
24862 100738
-6955 56188
-110296 -10685
118138 -45382
14997 -50976
-37415 -110414
28490 106223
-116871 -6244
-97131 -37881
73212 -110662
