53
-36062 2958
-62147 -67582
79640 78724
-77549 77474
-16499 -2277
-19513 40109
-26682 24726
-83498 45391
-57811 9615
-77153 21515
34742 100219
60557 -96809
60376 26066
-22610 -79602
45266 -71236
20408 21977
88202 -10593
37510 -60627
38175 73653
62022 77824
27534 28338
-20471 58770
-27182 40679
74422 57609
83761 52707
-58677 33409
18742 -22254
-56981 -34422
-39436 51461
45746 15163
4825 -30301
-21410 42835
-21015 3431
74933 -77580
31108 75689
-15776 43136
75299 -49547
-73692 -12261
-48836 -96607
31554 16915
62185 51051
-27902 102909
-17842 -69045
-98024 73401
-65828 -89382
-22869 -92942
7389 91352
8027 -33993
-57815 -13160
-17481 -63338
57307 -38323
-30577 3449
-84831 35525
