49
-97092 63633
-3902 -49856
-70544 47723
72961 75534
-5927 -35354
-32385 -53356
-96599 -39477
-34775 -62068
-47352 -17239
-92644 33733
97680 38460
-79297 88866
-84773 -73857
69786 -29202
-55690 -9511
-38322 -85049
-19978 -22286
57684 36209
-95152 76384
50208 84769
82803 -3264
-21582 81609
-79191 39647
-34817 97416
88441 -8568
95346 35347
-25783 31039
30437 -82825
-5524 8363
86438 12430
-18037 -55060
-6457 -94090
-73468 97336
-26377 -53225
40792 -20027
-48041 -17767
-50476 -77732
-70942 81118
-72748 -84113
21111 -39204
18243 88180
-31519 29046
61224 -87005
-14713 -62446
-34309 -97183
51642 -33193
6482 78017
-81073 13631
-73478 -24600
