77
100737 103694
81325 -110472
31229 -64693
-9517 -76246
-118746 45253
-122006 91942
-60716 94467
-54516 79516
-7528 -1043
103108 -123565
-48970 92066
2079 -59218
75662 12211
-78054 11829
86311 117962
-78455 21832
95263 73985
-87287 86901
79962 82956
122686 17450
83134 5754
-115384 86145
-59551 -89807
97101 4579
23945 48507
95855 -92351
88568 107028
398 -113560
36617 -121177
110207 111042
-65757 -66161
27247 31241
69094 -19064
75059 -29588
-45863 54211
-41919 -3227
38285 14149
93825 4553
73751 50946
67192 -99459
-50330 -17923
29615 -11508
-113423 72037
-69962 46591
101189 2780
-94660 -80778
-100004 21137
-120903 10874
-42634 123534
84430 93785
118485 99035
33963 113152
-58277 -6850
-64063 5101
-94293 -44487
-60934 78287
78148 -111320
-118945 13314
-40354 91025
-19672 -60386
97048 -11071
33449 78295
58392 14874
100875 6197
-115301 111455
31092 -60160
-108904 -42549
-33925 28472
44153 -101087
-112233 42298
-27747 -49823
-89878 68922
-13975 -59530
-1365 -19823
18557 -72845
-7993 -48368
95514 33407
