95
81951 -68393
44266 -52086
30355 45022
-63345 44428
32267 -21916
-134735 -97388
-115409 -21391
-1629 -101838
-90122 126748
9075 -115019
86397 137594
48192 -114007
-136628 -94048
21275 83071
-32065 6412
-125516 -82359
-101764 -93934
5411 56870
72421 76919
-122670 112698
-129676 13980
-48484 108012
-57186 -75497
-47394 47869
6743 -40737
-101008 20518
59856 -59232
-6348 -73528
-84351 -88161
7411 37871
47905 91492
-108823 10631
-118482 -90904
-22497 131250
-116022 -77984
-116860 137833
101061 -111729
80253 -71974
-101348 -53721
69110 52525
-137090 115858
102489 -36952
73879 -115789
-22035 -33774
47144 73363
-128552 23716
-38913 -3456
-37366 91422
34058 -15250
-22292 -98201
-5386 -102461
100291 -86749
50704 -36450
-84288 92466
127110 114786
-129026 134023
-87110 96476
-32935 -7720
128197 -18655
-9576 -66713
-55607 -127340
70986 -124493
26335 24985
-26840 -75379
-65400 -14682
9362 133851
90984 25126
56140 118228
-122972 124939
12193 9795
48505 38652
61330 -61023
92107 111439
-47761 -116037
-125400 -5916
-85699 67852
61253 30076
17884 -125394
92762 122478
-733 59240
60037 -40887
97820 62679
57836 -124427
-93387 -96532
-86044 -39846
-24072 -66194
14199 -5630
-74087 85523
36171 -126159
-132971 35222
62376 -51967
45318 -26992
123214 -77131
102018 52494
-64386 80846
