100
31355 -47051
-56206 49160
-5619 72813
77641 -60480
-126007 -3560
-49258 18012
8134 -108374
-105187 -12994
-130921 -29669
-6540 33789
139274 105786
60744 -44823
-19810 -110776
-75815 30569
841 -20661
-1385 27662
119417 -42825
-136299 -132263
111281 120860
-115676 47172
-54359 105384
-91926 13516
-128188 98146
47892 82595
41687 -60226
65336 -96012
112359 15642
-83541 -103316
53009 137126
-103816 -44886
-20596 133312
-124456 60676
11941 86728
-24824 -48034
-40163 124800
-39964 -89765
-50041 -95057
-127819 -133256
121134 -109636
-81103 100335
138169 34486
124762 -71914
28894 38178
40303 -136900
-130593 18462
51085 -34086
120351 68262
67680 -125655
9640 -43984
-129354 834
85201 -17359
-98037 -32289
-44622 -38509
112725 -104390
90844 61703
34705 -600
88446 -114772
-81140 -5728
33841 98110
-71900 -9898
78173 40284
122468 -79153
130772 90218
-103015 -39005
-41433 115548
-18589 40444
-41569 139034
63106 -46582
-123547 -73873
-107186 -120528
52573 -127664
-41172 108536
-56489 -22924
77827 44124
-24743 48448
87213 -61554
38630 82452
-16324 124238
-90084 -3212
25079 92075
-88644 -113076
117522 -111110
61293 -74260
9544 114455
133681 -112311
-38845 123442
102107 -17740
54454 128509
-25951 136302
-91912 101220
-7267 -103342
82299 78
-138773 -74105
-91127 -72306
-5274 -137830
-44060 -91546
-31318 99482
-6539 93297
38217 -18347
107596 96400
