52
57542 7111
94355 68298
-13314 -57346
-21152 36811
-88932 42252
-57364 64749
6408 97752
88486 -10406
72089 -24158
-31227 -20254
93323 7103
-27021 -85131
-40114 48074
38746 46227
17621 -93756
-38295 -5942
46896 -7055
91669 -77393
-3137 -70098
-72212 -72646
25700 67450
63341 -23698
-95242 35973
77945 -74882
6790 -60709
-72609 -29295
-10728 -11866
-22570 19309
64444 -84521
-776 49861
4257 -57801
-21106 -95635
-58277 -83795
-62412 -41419
27236 96524
-92103 88983
-13793 18170
-33476 -57284
-20082 -87432
66172 19445
24645 -21551
-63420 -39556
56298 48504
-24525 28222
100632 6334
66297 73860
96086 -92446
-39264 17806
-48577 -42089
15385 97796
24327 -19301
-30167 -61361
