94
105411 45135
114223 25531
-116288 59227
-129847 -81433
58572 -120980
-75723 -71610
55836 86846
4884 114471
23899 114682
126565 -71913
70807 -114844
-9958 19052
-21040 60247
-40486 -127238
-59648 42751
78690 15635
-38804 31397
132300 6943
129911 89275
-9421 117627
37673 48350
73022 37593
45278 -134289
-116179 106460
12198 -107468
-85434 -2560
-37538 109753
44793 -118826
-13509 -77257
11289 123584
-12927 -127560
103483 -37916
-3728 -98746
136221 115735
-113242 33729
112637 -116197
80689 65148
-98503 2127
88840 86179
-78689 -97007
121639 -106258
75891 -64421
-22695 -122746
18923 3664
95720 -122151
115609 -15595
-62635 -104891
48770 -122843
4926 61183
122741 23829
125868 -13607
74866 -62297
-85025 23012
-65664 53049
-118733 116861
63739 7108
-20425 -128157
-50395 130632
-123417 -56159
-130191 131719
32324 59307
-43153 -47189
-123972 -47897
-84773 82798
70283 114182
131856 8615
-118507 128701
-31019 -71691
14589 -96417
-39512 30782
-125814 115472
86881 35282
-100603 134197
84300 70132
10349 97968
-18802 -13543
-97946 1188
-94405 -102925
41951 92119
77340 -6300
69398 44794
4036 -2498
89894 -126907
43640 -11953
117427 108520
-4932 62040
-82605 -33632
57640 19040
-84694 -84023
-6815 118539
-136302 52063
89777 34332
92875 64322
-125221 -121045
