61
-48395 -60024
74197 8465
95463 52062
-53765 -104642
71158 77183
-42640 -4243
49676 59523
106678 18401
-109646 77633
-98017 -20260
-49408 -43044
-29915 -65702
26053 -52070
107393 -11356
22575 -34477
26750 64746
8805 -11689
-20706 -16295
-72727 26097
-27907 -28625
104731 -107663
-42087 -3163
69090 -11857
-10961 99458
53018 72082
-91976 10180
107929 -76974
-79927 45691
100396 49229
65547 13377
83573 70418
26050 37128
53038 101133
-34404 -12253
-10166 81168
-93655 -80469
57179 66176
-44110 36923
38562 98871
48647 -87911
4504 19566
52797 91381
-100254 16255
64812 -78852
64404 109571
-67 -86647
-40795 101296
-41778 -96893
-55610 -92747
-70133 64895
-25716 -62381
47397 -46664
100163 87374
-13473 29483
99923 -15865
-49416 2326
-8526 -55757
-99614 -11916
-11961 103276
20274 -106750
70603 -9730
