47
57115 -94569
14886 1551
-65196 -74549
-36212 86292
-67515 37457
-44194 13333
92362 4368
640 -53631
63153 -28087
38981 -74838
-33803 -65311
-37021 35667
-87198 86849
-93704 60721
-87427 437
-12313 -74506
-61040 -65198
3273 15264
13123 -60461
-61000 90189
45897 -86030
-21689 83981
70555 44823
12500 -75292
-30845 -95577
31329 -52870
-61346 -55867
43716 -95
-88653 71453
56494 -94434
-91979 -75471
-592 -10091
11446 958
-63984 -93598
-78894 39030
25960 29105
-74549 -68648
-62803 74396
24827 36269
55129 -31650
-68144 -34219
-26067 -48670
-80462 -25541
68435 44609
74057 -33249
3912 -48674
-92694 -90090
