50
12473 -61319
43325 79536
-6492 -77591
-4664 -5053
-31424 -2755
-19793 15904
81113 30780
-18494 -46633
-64222 50895
-66816 17126
97737 -39311
58255 7371
65527 -66878
1123 52297
-35205 -73641
-8155 52865
-73739 -60681
57920 52030
-19756 83911
39817 28439
-82846 -96837
-67293 61193
13653 -89919
51564 60009
-67050 -98636
-25941 2426
-76362 -67125
-46618 -21973
77252 45834
64717 6483
-31602 52888
-67039 -89968
48636 13094
-32867 4072
53145 -48342
46576 34479
-21256 26550
70119 -20808
-42405 92509
4876 -39736
-80082 90439
-38162 23741
-62216 -560
-65098 56943
90416 38784
35344 80595
-16992 374
40153 -42529
-51973 -12225
46932 44942
