41
-50929 -19169
-31086 2103
-48320 -61899
48121 48034
-9584 -50392
-49529 32958
9209 30148
-43643 58274
-78056 -71319
30056 53365
-54544 14844
9748 25309
89836 41336
83549 -27272
-29964 -13827
-44783 -66730
-66512 -48694
45347 3442
-58949 40940
-117 53227
-44229 41168
8418 -48791
67424 539
71257 75784
11485 -28102
-1655 50532
67310 -63520
-68930 -58397
62500 -78944
41834 38257
-65488 52805
-84163 52789
34030 -31756
38149 68320
32033 -21214
-19682 -80939
-85004 -59791
84129 30028
-38641 -51208
17104 45197
-52121 48609
