76
80456 -116000
19714 -76453
-104438 44153
15352 -49210
1400 84463
-121055 112124
-36489 11290
-18698 86051
44279 87468
-20376 86147
-80582 27013
21360 59458
89526 -90282
83859 83494
-8569 18911
-91629 99438
-69362 66995
20049 -81508
-72412 94926
77587 -74094
97632 45452
-92005 -63108
-38401 -58583
90186 71335
-750 100022
-12169 11913
-64603 -36219
-115206 -96048
-111322 11047
-55726 114677
-109976 -22193
-56767 -10980
-62089 -92963
72082 -79751
-753 -7862
-70711 64223
111103 39427
-77946 119770
-80953 -70023
49713 -97173
39213 -107651
39996 -112637
119025 95379
59202 117891
87560 38567
88693 -84745
-97421 24429
-85546 82948
38793 -73637
-56713 -68233
40574 -121812
-73153 -68151
101535 81560
-73481 -58460
42162 -75086
-34154 67396
-54078 -80924
-60772 55821
46822 -118624
-37043 52575
79996 -122583
16979 71500
75796 -59744
-277 -121293
84127 -17615
-103768 -1280
-105272 -100318
72554 -76737
-16499 -87799
113345 118886
-86134 47055
-27934 47803
-1530 12798
-91718 6767
-86204 12835
-117940 74800
