69
95717 67234
106887 51650
-35437 73714
81298 -33076
113716 -115831
-67860 87169
-94737 -71826
62949 -105225
-31893 49932
-22903 108558
-90742 -89423
-75723 63522
29802 -41331
-72376 -60444
46101 -89999
-54129 112151
-58225 -8699
57253 97057
-113878 -116633
-23447 -70313
-108186 115008
-14154 -16739
-26315 -32274
-45163 53856
108029 113027
-38964 -67416
-8410 36825
10193 -35732
48986 2072
39050 43472
-108365 83704
-90969 -48860
-14457 -62451
671 27123
-46282 47877
15791 -74320
-113147 23004
15493 -6819
-49749 57806
2654 -113494
-24354 -117173
-42205 -47892
27443 25740
75988 62148
64454 51784
-50240 114629
91982 -14037
-4720 -83752
48352 -14475
16837 -9818
56421 -54914
103691 -74292
-14808 71088
59794 -113021
113021 -62537
101526 45174
-65256 99351
48004 -11261
-104254 -80258
32635 45723
8906 109817
-101416 -59081
-31012 -48019
-8826 -69950
-3096 -90111
45825 28984
-36999 -97640
-59729 -31247
-57423 -113631
