94
3118 88661
-87625 122082
-39816 -104359
-58988 -4071
78817 134172
3668 -104368
-47082 -71624
125212 -37387
-47124 87072
-114112 -53760
-99565 -111610
-133659 -50900
-89013 6299
-24746 43329
2085 -34159
-12523 25611
-130231 65231
78619 -32540
-63974 -6165
-8258 -30945
103207 -55526
111275 -88081
99922 -86816
127402 104380
89267 30349
-131862 51014
-34552 15333
109049 -117333
-120156 -61475
-36725 -78325
-95795 108094
-73035 110541
42085 -53213
-18660 102168
-64352 83516
63638 66400
-23603 97375
67371 -89360
-17677 82400
2646 94336
9856 -14389
41540 -25969
-94040 15974
109147 -83627
-46125 -101831
-131183 -66050
-46448 79415
-89120 -27564
57571 -133119
86527 -113695
103570 126271
133948 -1523
-43189 -53802
-9078 -32317
-81691 95454
-114994 59811
-29820 89189
-13509 94866
-82243 109556
-21408 -81413
135790 -42716
35882 67010
67499 -87180
-100692 53120
-64088 -89972
-111393 -49746
-4894 -34218
-11740 -24966
-49338 -119287
-128199 29306
108303 -5985
35989 114870
-63122 65366
88946 102056
-48055 89489
-51563 -136428
72444 114731
71652 -118990
66778 -35065
-67516 -68167
40135 -69989
26913 63508
-134627 87919
-52051 26045
-50923 45718
102559 -80320
19439 -129748
81750 15999
-65525 119078
84070 -28570
-108581 57834
49710 57353
-130787 -117987
16458 44148
