74
-106008 -12733
112581 -71195
28962 -54556
8385 45829
-93699 385
-106625 -84799
-56639 97004
16253 60174
-16701 76981
90936 -44821
28632 85043
42143 -14924
-2476 -23495
61491 -55861
-100225 109008
60268 -66129
-95137 -50649
-57835 -50766
-28317 -11643
-108119 -21371
51263 -70570
-34534 113374
97983 -21440
-71300 26584
-89351 -119487
-70859 58398
31811 -12004
-43844 92273
49182 34565
-100226 -17186
6908 -115094
41510 108398
-92118 -62383
-19914 264
-7474 37247
-25326 -54767
-37307 117690
-62780 80175
-110823 84604
-17824 -92790
30475 -31063
46263 -103857
-19749 93756
-42215 85955
38552 94475
-102746 22167
-70207 -18833
-4523 -13222
87702 99965
-47871 -15063
50941 -86076
84599 97180
-41461 -114931
-27024 -36194
14676 100923
-66172 57969
-58771 113754
-2816 -5887
-46671 -43621
-24321 102370
54057 3392
-90484 12813
7993 90317
9291 -27546
96362 -92826
33483 45211
-62027 -53473
-24302 72691
68845 -34988
-11578 -80231
-80214 117086
35330 -87174
90274 84244
21822 36016
