73
-10540 44090
30266 -112580
4807 -15189
81087 -65569
-76137 -17037
-112546 120754
-91412 56721
-19419 115474
72427 -14211
-19791 82994
52307 72764
-55637 19107
120087 87327
82224 -52514
-33459 17386
-63456 -39854
6302 80229
14802 -27976
-53553 3391
-86538 42894
-38106 58402
109517 13143
66043 51488
13807 -47829
103306 -13366
-42060 39699
-51459 -101556
87054 -125
6902 -69696
-21424 84327
17251 116725
4372 37024
70059 -14581
-25626 17863
89395 55948
-24707 -37963
19324 -18333
9996 -96789
-107452 71884
8995 96638
63795 -96188
-99684 -69364
-68578 24539
-33214 96162
-18615 -12206
-61382 -23703
53352 117593
95791 18637
98756 -77661
76980 -49064
43553 75381
-15560 -7635
-87694 61656
-19548 -57126
-8832 -69158
112812 -101582
101710 -29102
97506 -903
82552 -22612
115756 13626
-55190 15154
-101272 66158
-33198 -106451
13654 11102
-118613 -98049
69585 -93400
32676 -107140
-120398 -53109
-90473 -62465
2148 -76999
-9248 -98110
97914 77893
-10829 -70880
