90
33862 50889
-4834 -46150
-114346 128350
-70911 -24362
-33393 33354
-13786 111244
-35590 -114794
-29667 99359
17280 11831
-40803 -27335
-87119 -79914
127109 131955
45743 -102191
-92703 -133864
-17610 92729
63201 -90533
93683 130234
-63064 -47178
-27229 58467
37622 -22658
63646 113568
-48674 129584
-22227 40303
39163 133593
75043 -14353
126121 15280
-18232 -106715
74156 15841
99437 -23293
-10199 22908
-60337 119259
-130871 112677
91013 -124755
-91477 -30260
-22143 -124806
37865 -21616
30311 55470
331 107794
32902 75620
-69923 -5846
-128341 -122007
-29696 -44829
5851 22238
108353 9576
88543 9922
-32587 -106473
-27697 -47645
78680 18978
-16211 -4267
24058 111442
114838 -55495
24246 59344
11743 71303
116249 -41832
33213 82569
-60639 77
-15566 119636
29545 4814
129022 -66926
-117058 -69099
-119971 15445
114811 13454
40982 -105567
46218 -46632
-38792 -64623
95916 -87043
-30239 126562
-60663 -15271
71839 33488
-94802 112594
-60304 -22867
95457 33015
51645 83184
-86775 60365
110245 -60332
130481 93209
122956 -101281
-31921 60043
80814 -86160
-109548 13353
-72770 9366
-4365 114717
-116702 84925
-3077 29476
-82329 -93947
107364 77452
-118271 -52286
66406 -79865
-68977 72407
95572 -65536
