53
53541 -73732
76808 16900
98234 19699
33141 67304
22667 -49555
59888 68177
-65043 63231
-53693 71038
21983 51074
56584 75704
-56635 46925
8827 -56754
62659 -54992
-83176 29379
90245 56302
14003 63160
70933 -32760
-31931 21695
53204 40411
25513 -2255
43155 21845
100907 -88566
96242 81747
3544 28109
44189 -52672
20011 71735
-50096 11806
-31949 -710
62522 -71417
72981 41940
3764 -88097
100699 -65789
26623 -41800
51370 11000
46930 29950
92617 -31197
73714 89617
20482 59177
-55755 -48984
-54938 -49520
-61302 67776
79977 54119
-74880 -10842
-11831 -20249
45987 33910
71751 -925
-9901 85743
-31331 -89996
1361 -100511
33805 74075
-99916 75840
51537 25222
-59749 -26006
