66
-111250 -112926
50330 79801
-53692 45206
69256 38048
101865 -80116
-6372 -14581
34897 59022
9567 -16623
-68658 -23530
-53682 -90055
72454 100705
-74805 48236
-73371 8034
-43913 -95791
53740 -114254
-108251 -76431
-100705 48260
65852 72694
31184 44060
-13881 22047
-19383 110752
70107 -89870
57022 -46801
-34785 -66711
-109057 50318
-514 -62260
50465 35802
-86590 -17418
31725 82940
-5535 38480
-57291 -56920
38691 21546
13631 -26444
-75616 92347
110227 68746
42127 49413
110140 14953
99730 -47665
6930 -42206
-48966 -60311
-50096 80881
88606 -111809
102215 54635
53118 84306
41709 -105342
-105864 114279
-91395 -17245
-36865 2797
-27736 75170
-36820 62742
-102447 108900
24440 105836
2145 -100620
-114561 -42804
-35075 62957
-5592 -29606
-83085 56992
-5697 -60052
-83923 102646
-97758 -111339
-107835 92380
-10675 98561
27396 -108316
-80029 -57078
74127 -53274
92507 -19912
