93
-83149 -62507
14296 -131336
104227 98059
-2232 -152
-30910 -94531
-4323 99913
80514 112240
-128700 39417
80489 -108646
-73000 -54482
62981 -1274
-111028 -73164
-42961 66648
30696 13019
-48396 65747
127017 77512
-22955 80966
-112138 27820
43536 -72430
23755 -121831
-95548 44680
109349 -13750
126796 -86433
15246 -82433
-135672 -97219
60560 -115402
70237 -66901
28637 -36766
-88647 -79702
135978 43340
-49992 -73943
-29104 41530
-110019 -58827
-11092 -87545
19641 -46032
8372 -29118
77666 2083
12700 114579
594 -5143
64024 -133528
28602 -19993
128178 99864
93210 25187
134915 111948
43958 -34483
-117400 -118993
81978 69616
-62880 70489
84803 -32316
-75779 27148
-78095 1058
91766 -8811
123925 -124897
-19579 -110982
99393 90515
-31537 116616
64575 -82474
16187 132687
30615 87664
-88485 -106825
110636 -67288
-120008 62237
79556 -52584
-91425 78742
5952 -104785
-7023 35869
67874 -49221
39490 -8245
88638 -58598
43420 -112581
-83464 -99307
-17231 134477
-83119 11114
58595 -50082
-89363 91591
36 -66329
-114706 62107
63718 66856
-109276 -90596
80563 -100115
71751 7477
97257 -101596
-9782 29156
-64343 125536
-84028 135476
-80793 132132
132976 -84157
-115731 55942
-84627 25254
101907 115281
-54561 -63052
-27386 35041
81336 101973
