46
26819 -72543
-5684 -23134
-43325 300
61987 63274
81503 70853
56388 42758
39160 -68498
76192 -31354
90621 51712
-64823 10460
-58681 -26855
20397 -16534
-11457 2489
-46422 -66277
-52920 -16909
72851 -30975
27233 -39079
1834 -60178
40817 -87560
64576 -39700
-18970 -41658
-78641 -70188
-75176 19430
33834 45788
-38587 -65428
89364 25439
-11915 23844
61664 83817
89796 89917
-76002 -81427
26167 75515
-67226 -73982
78144 8660
9716 68109
-39488 88505
49809 -85193
-26232 59851
-46080 35416
18974 -37516
38036 32473
70994 -79750
15851 30081
-3263 -37817
-44051 -13262
-74082 63919
37474 25784
