92
-83374 -97626
-122285 -45715
40090 126234
-44701 -110157
1560 99531
71735 89311
115288 33339
-35055 -130204
67499 -114405
-40003 -27158
-74438 81560
-34299 70643
-6707 -90189
95628 124999
48170 -28997
114086 19965
-25155 10964
-44995 45133
-81141 111328
100711 -69677
-21509 36256
-22205 7076
-118193 -76807
10549 -56898
-45932 -54373
-61991 97696
-94539 123525
-111244 81524
94088 -81691
-58993 -82408
-108605 -31735
-31177 30299
132532 -111722
-91663 22565
11531 37039
60880 -83029
-61728 119708
46404 -22409
-6810 33356
-9145 58638
127307 -93143
52508 -28754
-10877 -924
-13887 -18816
-34664 92700
-104627 -89277
38151 40477
5672 -23870
131055 -56144
-92503 -120498
112039 -113771
-110727 106901
46261 69668
-43025 87979
-19390 103449
-81512 -11714
135552 -15988
-41006 117103
-74275 -70301
14902 -30093
133282 -68590
132187 69191
104831 -99827
70125 -78564
-85652 -96280
-82468 58601
67509 -35892
86940 110121
80364 59748
-67499 20079
113040 -57090
120675 -51279
-90853 -14600
-121229 76230
34088 75762
-100039 -49564
134735 -3403
63513 -12907
38408 -125031
19360 120715
90525 50331
63952 -111983
-92132 82375
-31910 -106272
-80195 31917
-63531 32674
-134576 119687
44152 -5060
-70720 17516
113290 -104073
4530 106154
63728 121549
