73
106898 38908
-10082 -64166
-110841 63215
-57854 -116502
-47794 -45149
85047 -108876
-17022 -71849
-93663 -115898
52349 26604
-76786 79131
55632 77800
44381 -95087
57673 89229
-294 105727
-42082 -16989
-65098 33269
24662 -88190
78720 56078
91030 3025
-4259 -27505
-101061 -14702
12716 -83158
38642 95535
13836 -94147
46919 -16870
-44609 13087
1106 -25627
39695 -957
-19249 -105449
-29969 15495
-94456 79797
64093 -120608
117998 80531
-78572 -34771
-24558 -95475
-10970 55911
105994 -97275
65479 24507
83293 70931
-84110 -115447
112998 -112377
-38347 6796
4272 113355
-43660 -73682
76266 -28102
-11823 36372
107025 -94324
82003 -49642
51684 -52663
-31507 21889
-21648 23719
35386 43764
85553 -113411
110105 -106711
-108530 21968
-77660 -87860
103753 -95229
-41630 28361
110590 -18485
-24060 26305
15772 73122
112502 32425
-38282 59996
-91981 110537
99240 -99054
-95803 -85177
20248 -82615
92234 -15318
9833 -115787
58767 -44400
-51822 -15963
92048 43059
66117 -24706
