70
-40643 -85201
-43224 76047
38801 82825
31029 -117710
-42792 -47768
-29095 65525
-106448 -108727
-75693 -12973
73672 -58199
66526 -100134
83354 -56141
109308 77105
-76242 74828
-75781 105172
3170 -18762
-45243 32253
-87929 -24081
-24760 -26847
106921 31079
-95674 11496
-56379 -16233
12122 18956
-42812 80094
114295 66753
47606 -20822
-13530 8934
20975 55197
-89581 10938
75816 -24392
-29483 72539
83748 107940
47959 105388
64336 15903
-103178 -37571
24402 -89372
-28497 39811
50789 -108299
-40503 28111
46926 -21439
-102235 -42579
80954 -52760
-94294 -17513
81976 38509
90611 14205
-85289 -22055
16404 -19216
-32013 71417
-51469 49986
-14365 -104482
18479 88685
87533 21252
-1258 -64688
-81682 -15335
3364 26370
39424 -116000
77459 71788
-94350 61354
86243 29397
-44600 -31191
-70398 -77962
-75918 65198
-70565 -106090
55123 -78065
60921 33475
-14200 -24850
29491 -81153
49018 -68780
74303 31154
-45692 15772
98050 77571
