92
17599 -30015
87705 42027
-9167 24674
121834 31986
-97908 -132247
58384 -131520
-29567 43111
-130614 28241
127179 109285
73452 77217
-46827 -50286
37954 -61
-45600 -16647
19137 -24884
-10192 -6960
-118361 -113398
-43828 -10577
-113472 -55177
-67032 -117336
-25672 27364
53779 4929
-66720 -13237
-53583 74298
-109438 45870
114821 -10522
-125264 -130683
125146 92710
72894 -31307
21415 31981
-110766 90284
57407 113946
105245 -1585
-119119 114863
-68900 113671
-27215 -68229
53622 107935
-50536 80918
-44752 107258
106040 19111
-50552 13792
48491 -3659
-108591 67943
116122 48066
-135132 -41692
-43673 -73351
-16372 -76382
-56300 -25816
-1642 -56007
-86742 46305
44194 -1338
-109410 39371
51671 94747
116006 -50253
-34434 -110223
-58582 -82718
-26865 -7556
-89925 -8878
97441 97995
29791 13540
-92149 20854
-37942 118712
99691 54240
28109 17513
-118167 -33622
47008 -87748
-53971 3047
-62528 -42640
5172 15740
-125737 -56726
-132727 41261
13982 111088
-124195 130228
-22822 -133404
-35029 -93273
86412 -29913
20625 -107039
-2170 -64826
23761 -39529
78986 -38178
-37474 -21355
-118421 -69976
45054 23408
-83500 -87370
55435 -65901
6100 -76344
-10186 59706
-48103 -57707
-8109 -66809
-79766 89870
65506 -26880
6845 12376
123092 5411
