59
97646 38020
70370 17612
-69298 -28725
102747 -29016
-45223 -85005
-40800 25051
-91515 -85194
-23953 -11536
38476 -107706
-9442 -28359
75394 -100640
9446 66908
69617 -52568
-10083 45959
28410 74582
-79099 45119
-61142 -65974
-85042 -77911
-49992 71128
42727 -9780
8171 86396
81304 60834
26408 20961
87800 -34113
29439 58985
107674 -39756
47938 -86736
108193 55911
68763 -86155
103333 -39868
29861 -3262
106908 -101959
88081 102614
-96002 17096
31362 22296
-18554 -83222
-104846 -17456
-51214 -27070
-73624 -65094
-54942 -73052
35102 -21046
-82796 -72766
45911 63917
-62566 23544
-53048 46729
-71264 22208
-101925 -45771
106221 48548
-81693 38495
96169 -96970
11635 -87309
36664 54553
-23488 -41747
12203 -29220
11269 83074
-42957 -32574
-70265 99368
16736 -9163
49943 -105221
