76
7084 -83972
-97058 90062
35576 38488
121802 61883
-51492 87891
73520 -87990
-86302 -63493
101662 -50477
108116 -58465
114325 -65671
-36039 -83635
-76330 73683
-5010 71696
66917 20034
-109102 3037
-19534 65198
-6709 44365
-116981 -78489
109696 -117114
69262 -13298
3076 66926
-53397 84279
96030 83291
89429 -102135
-38748 -87225
40066 -6389
19775 -62064
-10396 -30429
-21409 -12216
-38354 -52040
70057 53923
-91837 69844
-57111 -23180
62710 -24212
2022 -107126
105130 113246
92928 99165
-32399 -60528
63772 97196
-74986 31202
99232 55743
54544 38779
5957 45793
-12177 -94542
88487 -75025
111684 -37754
-97198 -5418
-2373 -95688
-33104 -4763
104627 -74394
-6647 70495
21762 33007
-91909 97930
-96396 108177
99024 -54057
-38001 45323
-32303 104572
18084 47828
8167 -96300
-104163 -73055
82186 -92398
-43864 48202
3797 -41070
-13493 -80331
-74080 -96544
45093 113058
-46059 -32564
-112026 -94466
55431 109782
-84125 38490
-63370 9000
-107891 -88517
98386 95009
22961 -19159
31809 -20811
-19052 -121403
