76
-109578 50158
87862 46289
97697 19706
7185 -57907
9054 -23498
-6205 -57132
110808 60288
18046 -10618
81303 -92311
38196 -117754
114726 107907
-114428 -54729
120713 77100
-25126 -22172
-103916 75273
73501 122218
-1125 38793
-118362 70173
-27878 75285
-122485 86816
-85243 85795
16324 32273
-3562 28686
-45509 71694
41409 -71960
-53980 7233
10262 29791
114038 -48844
59060 -98945
-5412 67416
98250 -112986
95348 10731
99519 84586
19021 -115160
-108385 113279
-2611 -24744
117249 22879
-13105 -28123
-87755 111049
-52585 -40360
9941 70028
115330 2899
112222 -67396
-95585 -116406
-22910 -2610
-102064 78170
-51319 17999
102159 91075
63760 -98865
18676 -83828
-6836 -42448
-63921 114180
3202 118656
47027 -34369
3594 -40855
-50839 -121538
-99641 120273
17138 15723
83185 -27283
2647 103701
-22706 -86999
55768 -24994
-112702 -104470
63974 99263
-30711 -56627
-100940 -14843
51650 -98191
-116520 120927
-103967 -53085
-84402 112007
18166 38397
-27247 94796
37614 -100217
-45505 113483
4826 -57070
-112235 115935
