60
4554 55507
-105749 -100868
73232 107895
-85675 55472
102879 37385
-71909 -13668
-95473 -66707
-57629 -56165
-95153 -10097
-56352 38628
-101875 21171
-25507 58276
107800 86948
-98020 -108072
-64179 2098
6285 101536
93303 -14266
68456 -21232
23716 15934
80541 -73958
167 5302
9794 -70733
84224 -19664
-34391 -18214
67261 -84100
-69414 98886
64048 -82270
-66931 -106092
104642 11281
-76125 -40738
23144 -55384
2031 -59480
-103108 -48500
59877 -37462
-48673 -81724
-21555 70140
-78156 53898
53904 -62396
83648 -61122
97908 94189
61013 73690
-59375 54184
-15973 -18104
46276 -97295
-65374 -61082
48621 -83193
-75420 -72672
-45365 76390
62787 82082
58027 -22166
23795 37054
-74739 28962
-82941 -63940
8735 -81642
-10839 39011
18901 28062
104237 98109
-58022 30181
15028 41671
87443 51557
