39
-24931 -86173
-14187 11131
85597 10828
61440 -83430
3110 33892
52777 53751
-68130 -62592
-39705 79319
-85120 -56434
-74592 4945
85071 78104
-24798 11332
76040 64341
36561 -86347
-76392 55394
20713 6694
44291 54704
-45283 48513
11762 74400
4875 -46914
46316 -61962
-54117 -49471
5767 -73339
58513 -66570
-48553 46241
-8689 87115
10231 -58864
-48121 -80670
40532 66727
-69502 -43678
-29532 19632
-48821 -56790
1665 78242
69217 -32109
-14652 -33519
-29115 45998
-7656 1304
-68793 16073
-69771 -67502
