90
54520 -110345
-105863 -11439
-97903 48629
-93375 33109
74609 85913
-118587 1729
69165 95012
-52635 -3223
44466 38001
-8444 98521
22073 -130561
-132846 12276
-60504 52902
-53210 -83454
-40439 1492
-84494 115539
104650 34776
38406 -112696
124351 130812
-51434 2419
-132598 120441
32169 -12434
-107774 112574
-77076 29997
-9461 -35629
-90512 -129486
-55971 116885
33140 -92718
-31484 -51369
102966 24893
59176 30251
-48645 34425
50496 -67842
-93399 62712
-44825 -88866
79598 87484
52962 -108819
13911 107549
607 -128062
59365 -45151
-63566 17883
-72843 4358
-95266 -110018
-22306 -27683
-105179 -100948
10078 74729
1821 -2784
120332 -47377
-20138 23377
-62232 76230
-58050 -107452
-75494 -89808
-14329 38404
-121754 57665
-72294 17801
60548 84465
23381 127869
110580 48380
-91596 -95996
-11303 -131478
25757 53153
84235 -102719
127255 -120021
-95835 61040
-80388 133008
79848 -44863
-62524 -9905
-10672 -75903
42623 126030
128673 55784
-130059 17533
28994 85036
38416 54114
33486 114917
-21158 -119555
-96900 107092
-62191 22629
54501 -122045
132928 -121302
-30627 79809
20089 33928
26367 42917
121024 -72963
-73797 -1415
-13743 -104337
23107 47555
98981 -127609
130931 -36085
61738 -31428
-94295 -74862
