42
69446 -79679
-4430 90874
73229 -74859
46082 69270
72314 -68028
-56557 64701
-8827 -80582
-78646 -75983
-79467 75172
-40547 19136
21883 -29702
-41424 -2161
8189 -45064
31916 24695
-9839 16936
20459 -63704
63573 -86866
3576 -628
-71613 -86685
-59235 53028
39595 -51032
-68719 -74416
-80381 -42618
20139 -87623
-9998 4671
43255 -76088
43715 -29610
14038 2540
74229 22884
-84764 52542
79269 -33880
66049 26531
-88505 72645
-1428 39741
-82057 83067
82770 89589
-37531 72650
-39963 63367
-42729 44185
13475 -62843
-21815 63045
-16867 -51649
