100
-136588 103707
87759 -141365
75875 -113503
-47231 68993
58093 138136
46632 78076
127473 -41824
91767 -85776
138980 138798
-109793 85697
-128274 136923
15264 -99542
20626 60090
10517 3556
-22253 -13171
22322 22963
-26453 9237
-83823 -68058
98936 -116245
22077 -102927
-30850 -41620
-22993 -28757
-16805 -103875
108635 124502
-109022 -48900
-106358 -64455
124507 -96485
-54764 -92596
97609 -136924
11589 -15030
45653 133670
1488 -123987
88824 -94100
-14606 102939
8741 121551
42044 68482
83999 32045
84239 49104
44089 -35729
29007 91775
93995 114193
-117960 54747
98345 -63640
-16292 -87034
67894 -69531
-139011 36068
-127734 10844
56392 68390
-9240 -127759
1312 56376
54430 -82483
107126 -67908
39911 7994
-140910 111031
31069 -77746
-59134 -37387
-17018 -17001
-30555 25132
-33766 75836
-63991 -15275
28158 -56891
-49254 134332
77952 3602
126723 112563
-74501 96064
-90321 108319
58765 -99562
129084 -2328
82958 97227
-14232 -98857
22862 -129761
128756 32746
122517 3194
16938 91214
-3316 -118852
-64062 47965
2559 114306
81842 -102732
107761 -44357
6904 -24055
3804 114269
-18149 -120812
-84238 -36818
-37244 -5127
132920 50038
65057 -81232
-126386 13262
128757 48555
-79890 -85858
131781 -60198
-64158 -134272
59024 131619
-119882 57053
-59402 -8057
-1420 37279
10495 1290
71924 -33436
-3043 131405
-36776 84637
87509 19155
