91
75705 -28967
103814 38516
-104194 -72104
50293 21483
3078 -4929
-75546 -37274
-39217 -101039
4472 97083
16288 -88381
35208 59630
-55715 68477
-49959 -113106
-134316 -35062
23595 103996
36550 90195
-47882 14157
-50231 77201
85984 116073
86738 -46246
-10508 46989
-121764 63102
83787 127892
64214 84856
1689 1275
-80067 -3320
86148 -23941
87607 117349
-5055 -17315
65919 134239
107368 32191
15290 -101217
15929 99820
-35935 -36138
97747 105860
74488 -43571
-120320 -20257
39256 -112059
59216 -74154
58545 -103543
24773 8770
86550 -131007
57748 -82303
54736 -105977
-48156 7993
25078 40500
41259 95933
-52262 -72280
15438 46228
-31850 -8550
-125947 4384
88791 124113
13311 -72550
117293 36459
-51355 47640
66117 81231
6847 29996
27836 55071
91869 -88005
-16963 -73920
-7578 40928
22097 79003
-25290 -31704
14455 30344
-119270 -88986
-78309 75004
5323 -77685
-56791 95336
-87654 -95966
20509 45976
61668 -28909
7228 -57737
-120061 -102297
-65066 -35239
-74839 108150
64635 62345
35188 -15484
-41265 -79784
-109022 -108062
86323 53644
87223 100551
122764 -20802
-100476 -133665
-125629 25014
81521 122831
-394 26373
-111723 110075
-75883 67084
97733 115625
-55982 92430
-109805 85301
-98311 -79710
