61
-90621 -11496
-30199 81940
40849 -47150
33382 50596
-31377 -23118
102648 -93440
72460 -87314
-82500 65168
-75781 -72197
-110058 -39492
57157 -8492
-13545 -52966
25019 -51720
45482 14046
9300 69228
93029 89085
19046 102085
-11335 12504
-19597 95228
-83753 -14359
74020 -90647
-2716 64099
-57276 10536
-2571 -102515
47214 105834
-532 8275
21843 51769
-99290 32769
-10282 -10294
107624 -42928
18324 20140
95872 -47713
29309 -29484
93333 -63670
-43385 79103
-42222 24507
-42288 -11035
-70578 -23651
79979 -50913
-91378 -54945
-93951 -31534
-25804 -29541
-9629 11572
88008 20119
-77309 -68710
2966 -45446
-32895 -51689
-16272 62779
99482 -46920
51924 33584
-45219 57624
-89462 50829
39757 44584
46685 101998
-247 47211
42593 36739
-99685 -65904
15692 -23520
-32554 55404
-71263 -107662
8326 81197
