45
71839 10067
2936 -63943
66248 -37106
78415 -9194
66244 3064
-34823 -87558
43315 4993
-63196 -15549
-35523 54716
26636 74599
-34478 68022
37944 -65326
-92893 -36829
-79637 -60212
18730 70342
-75925 -86027
81422 24035
-241 -33926
1773 -93669
-87106 -27138
52115 66334
-81197 -82336
-86106 -4936
-11930 -47860
78869 86494
61833 -2229
64114 -60713
94320 77368
73574 1311
2999 8196
-1256 62511
81789 64883
-11196 -49837
66646 33406
-44863 -46338
-26759 87860
-79793 77268
17159 65986
1591 68629
-39314 9675
-50164 9347
-5874 58746
-48550 -77441
52920 22805
-91819 8589
