66
111033 -60344
-16233 33481
-23942 95630
-107374 -40729
75650 -45027
22505 10797
33888 93526
-98317 28402
-81291 3762
-98488 -85374
-32365 98036
-5576 -107061
67042 -39204
-97912 -14824
-37212 -81125
-9955 -13239
67971 21668
18972 74067
20919 -32139
-8719 -72635
-81252 -102392
-16879 -71623
-104755 -19073
-94046 74831
-8268 60901
26383 74681
-114472 50193
-50407 -14666
28736 49915
-40098 -81972
39310 -40223
-56713 12218
58572 -11279
-100745 69417
-7225 109051
76739 93744
26311 112695
-74865 15896
-80003 -19317
60054 -10102
-67090 93858
110599 56418
-103929 -99543
-65514 45380
58497 53324
87004 -4022
-1247 -54998
19155 9358
-21422 -46765
55536 16385
13000 -7730
42513 -29448
-26380 -69010
-55211 -50600
13133 -104342
-89812 51159
-67119 31931
-2353 -87166
65068 -108782
-59582 -98795
61923 -27597
-109735 -52507
68764 75882
58613 2559
61604 72389
10205 -77941
