54
64804 -41814
-34920 -21331
87869 -91156
64459 -51239
-99252 -90737
-77872 -39287
-86783 -24721
40650 102664
74406 35808
-21387 100337
18054 47139
71848 60895
11679 -44296
-49695 79449
20353 -50442
-57408 -94533
35423 -33049
16943 88687
-32975 -28426
29999 -65765
-79291 -48565
-74808 43218
93311 35857
-77673 93351
-64898 5902
-80727 59392
11488 -21436
42712 46477
-17206 59199
-88445 93429
-97335 -94153
89045 -84666
-59844 -86857
63318 -46190
-55255 65210
100297 56844
81206 -68697
99525 76521
40650 -10514
48725 12170
-33919 97801
70180 -41458
-40410 66989
-65374 -85358
-1090 -89
81099 -90531
-42060 85623
84073 19909
95703 75032
-82108 58412
-18924 37075
25768 24830
61842 73296
37180 48776
