97
-32331 -70422
15900 -72370
-118203 -105387
114026 -85918
-22105 -38147
-112145 47192
-117802 113084
103604 -58686
-10661 -43214
80890 -64654
-127711 -29456
84618 82598
-92791 -1351
133450 9783
3032 41396
-43276 104229
-128497 56841
133626 -33550
70441 -67365
121329 -16227
-121061 -8846
26653 15697
62281 -94659
-124533 -97973
-26964 40821
-110445 20265
-57939 61767
132495 -11710
-81513 -127475
41707 11631
113225 -99785
-62976 -78148
-66225 -108200
-85278 80970
-53231 -84682
-52245 68595
-44005 -7611
123708 -17366
-29427 -12552
-96120 133085
78891 54929
-4478 -68106
-136761 -72416
-124886 120876
52185 70120
86179 -126366
-108671 -137822
84491 88641
-62330 -50980
-85218 -133278
-991 -134442
-76459 -126425
-119217 68416
88259 48730
885 63955
-2433 -15188
21098 71697
109255 -134499
-7173 -54145
-62838 124799
-11394 -93817
-97186 -134803
-25617 32083
84977 42116
-41919 36221
73240 86065
114808 86847
-72906 14159
-132932 -8854
-13393 11672
88517 -122681
29608 3717
96369 -103939
102964 89529
82977 130437
79488 18112
-127028 -44303
-62607 129136
-16401 -48828
12730 131772
-7188 45836
-76955 62400
124090 -111260
40518 57815
77895 -76727
-85600 135583
5101 35654
-64542 -58090
49558 128839
136462 88449
-10176 -121682
-120147 -133582
-16700 47282
-72429 -115329
-17350 115844
25742 92072
62141 -44932
