78
124759 9626
49106 -53946
83045 75390
63219 -107636
62449 44481
-58509 77036
-20109 50969
-119362 72596
-93312 -29464
-71495 89394
-18606 -4851
80863 -106157
103498 36108
-44203 -100989
112597 120295
-57572 -52543
-87057 -91343
-122935 92876
-10018 55007
38987 -36609
70513 16438
8507 115560
9560 65978
124738 -48166
23210 -53976
-8430 -82837
67769 13044
-18690 12894
-61348 -13750
50968 -25797
73202 -33683
-57065 25758
-26081 88557
16733 -49413
27343 -38562
-95345 65786
-62680 -24668
-19761 119621
94932 -45952
-70601 -54836
-109983 -28760
-106401 107515
57229 68512
-99813 -9578
-43832 41017
111480 16942
-44045 -84919
-117743 80899
38038 15707
18822 14568
-74414 -49547
-66163 -88220
118084 -109592
-55162 -25293
59640 83148
36234 104102
-117532 -81642
-111790 14345
-9551 63412
62973 -36092
13601 89946
-97653 108557
24352 5084
83043 -40336
110249 -60038
116625 -103313
51141 -92898
4056 -70323
-96891 43426
-101544 27035
-31933 105446
33151 -22513
-21072 55459
-90631 -38811
-10440 29469
48230 -12702
100438 -89126
20568 -118129
