55
67491 -6064
-27561 68961
4592 50258
4954 71876
57305 -77655
23784 -38499
70688 44537
-12519 87761
8799 8150
36731 -64031
-52898 -17200
94003 -50408
-83852 18055
-74347 -85257
-41903 51219
79740 22679
-17996 25369
8748 54376
43812 66927
-88190 -54526
71941 12135
68485 62056
-23631 -42672
72722 -22635
-84547 52764
-38703 -89525
42206 62633
-77902 -6449
-87363 -47867
64973 97935
52330 63054
5798 71658
-103445 -42723
90099 -38686
28695 5164
26487 -7683
-19094 89663
-80835 98885
63118 -99456
-8063 4876
29472 -66783
53254 48065
20053 36780
60314 46873
-90458 -33035
51076 87339
95738 -48658
75587 40101
-44779 -85928
69440 -17781
38762 35152
8351 -5820
-73318 -17276
-26599 18815
61127 -45956
