69
-49811 -84555
13518 -115830
-92579 7226
-18936 67671
-64717 105469
-20341 97819
9230 -50302
116848 -26732
11262 -2183
27974 -116291
-117120 -107594
-5098 35224
99455 108091
82227 -71650
-43436 -69641
-93516 -60101
90110 112455
-107410 -42463
-19583 104930
26275 -23364
104661 -24994
-18860 -26774
55320 57716
39767 47407
-83880 112734
-96482 44205
83937 105782
27700 -66355
62127 42693
-52278 112743
7286 83607
-29107 16436
-55621 58675
-77463 -33944
-13119 -83109
-25980 -69488
30187 -98146
-25617 -45310
-104850 16369
-13075 27234
68257 -16021
-40169 117068
35347 4635
-116594 111572
-3939 -13480
45757 75657
-85215 32605
-90277 -8564
76088 63537
49793 -112915
-10500 116118
6466 17654
52027 17479
-98115 -112141
32760 -47319
19567 112943
48478 -54140
7773 48805
-19099 15176
1657 -113642
76478 -52772
-53652 99004
-107539 -48385
-6720 -19864
-72535 114786
-44308 -32272
83898 -43838
74598 707
-64450 113448
