41
48088 -55951
-71851 78625
31649 90545
-36756 -60818
-21558 15452
9607 -63726
-5624 -26061
-11864 -13473
-23880 58044
88755 38245
-5052 65635
34186 -5224
-43044 43525
59620 -38028
53345 -50497
-82983 -19190
52097 -78257
-62407 -76878
-63419 -85778
10640 33529
-37699 4877
88347 64796
33187 58835
4520 32232
-41663 -78123
-36315 55130
-41632 -23877
30874 69152
-11908 33302
-31440 -66541
44237 -23503
69723 -53535
56528 -2450
40974 24957
-51264 -54773
-47620 -42370
-89462 34550
17111 -34471
-24762 -27606
-86881 2881
52249 54392
