61
-70339 -102997
-29698 -85773
40822 80695
91741 26764
50069 -28614
16422 -53471
39023 77805
109681 -61309
-3246 77304
-81126 -30050
-15619 22829
-70625 -68957
-15213 42240
-49279 -68451
38274 -5685
-49144 84835
93185 -34740
28126 1971
61655 -34030
34434 25869
-77072 79548
28623 78812
-20388 -40823
107504 -34317
-10269 11598
23654 -66335
-88300 34018
-8892 -84186
-109565 32892
51436 -101998
2060 91514
48150 -58549
34954 106524
58199 103779
20543 37517
39343 69043
106845 75247
77374 -90356
52497 -45528
-83468 49940
95744 455
68487 -65513
52241 3717
-90704 -43248
31991 -942
47092 8233
-83210 -9843
109651 -85149
32303 87266
-64185 -80285
24566 -8322
-43756 -81298
24003 61950
-83096 -7350
38844 -47931
-81967 96066
28408 7775
68248 -69071
82353 -26750
58981 -65299
40195 -22589
