68
-111553 63248
50477 -20111
86808 -98851
95249 8682
45885 -85057
60167 67673
75860 -54448
38233 -6898
-98623 -28714
-55978 -88423
-56163 -85702
5386 19534
-44958 -73203
-64368 -27693
-99044 -18652
7927 -113279
-13428 -63270
-82083 46686
-12016 57283
91522 92716
62796 45208
-19634 -24032
-3820 -61118
-33891 15571
-39297 -60347
-50548 -116069
-28979 109712
-34412 -90654
-39581 -61651
1001 21331
103386 -74438
-90569 310
-106669 -11780
63339 -13017
85325 -9178
58969 108436
-88075 93458
93911 -47597
-56341 -73731
110136 24050
56247 -82906
-37704 -69645
-89532 -5107
-52715 -244
-32121 18159
47490 51427
114947 -43544
-108961 23523
90114 -98848
-40775 -75236
93466 -102129
-7154 45145
81288 -48118
-1248 54976
83167 11453
-60421 93042
35049 76860
80131 -53281
71861 30073
114900 76549
88638 -90292
62036 -102514
-68393 -25977
73150 5932
-112026 -90505
-90680 -60045
51072 -94467
62330 57290
