87
59395 8147
-23263 -15331
-110585 -12719
-121456 45155
55317 76677
-74285 -79591
-127935 1238
83704 31884
129795 12978
68710 99813
-46397 -128811
-102922 63828
108926 100491
-19968 90677
-83901 -105461
-85246 102027
58885 13285
-25291 -117943
-61095 -69286
-118757 -91224
-59634 -109184
-53945 38208
106435 28234
-21133 55334
14929 52148
37506 -9138
125715 34335
-101353 -28296
11401 88
37455 -12330
-5372 -65942
10333 47683
-49797 -93238
-31017 64915
86588 -2343
46360 59985
122030 -47576
-57439 -76674
-24407 -129866
100283 -98192
122098 127048
-6347 77754
-121387 112109
-6991 -80437
114656 65979
39026 -106267
77915 -28144
-118485 91881
-87686 -54310
123647 -99780
112662 112895
4600 92681
87472 78132
66691 -9052
76179 113204
-128020 -100401
109863 -117307
-50397 90081
-41266 -50103
115631 -22173
-65133 88339
-22213 -20255
-37258 44570
99737 -68554
-120528 64540
-68425 -119455
69610 -43822
105183 -93632
1165 43935
-130224 -85071
61748 27321
-53010 109259
-76378 -130411
-12297 -34597
113426 -108385
24204 -127683
124674 79429
-10153 33549
23183 -121330
128790 50991
87666 9867
29574 -88234
-33362 48683
-62522 -42367
-24213 -101626
82332 131559
-2421 -99389
