99
33661 -122353
-77824 -43127
66494 -134077
100021 -125322
-29983 92330
140705 72991
106583 121295
103294 -83445
52886 -133266
-22702 103998
65174 -1607
-127875 192
96337 68405
-53568 15916
-100921 133906
-83976 -89317
130301 -49318
59712 -100796
46984 -90948
-601 92586
88454 111381
81203 -45532
-52664 140579
-109124 80887
-118747 -93231
-8078 -16365
-50603 64789
93418 122098
139966 64411
-97896 112446
72928 126120
-128991 11477
82641 -64932
-122950 131526
-40659 82158
-54852 -69768
42130 83098
-116476 -22877
134963 -28136
88915 17301
-73645 -88736
-89703 40176
-15093 40698
-72687 -50238
-45090 97206
124157 -16654
90613 2079
94453 97355
-122206 95685
-25900 -137588
-36040 -138873
84520 13441
-72861 -108176
-15966 62936
38510 116814
-34828 90334
26359 49475
-27436 -74194
89182 39887
66023 116652
112712 -63264
110974 -46452
-126989 113511
-138819 -26805
-3794 80363
120198 100726
125892 113435
60977 -40016
-24182 -79170
8913 79366
-125952 -97895
9452 -22562
89274 23063
4433 19023
-10695 -44741
133265 -125260
48313 23462
-138254 -55495
-104646 105163
-33616 49077
-124337 45225
-134972 -77823
120495 -46702
-59265 72142
93648 -4901
63025 67442
-44099 -36900
134875 128925
72229 -75031
-138121 105195
31013 -136219
79313 76262
-93767 -49728
7600 -68353
-69096 77990
-77310 -51063
73305 56562
118650 90114
-23783 83002
