73
-76747 -108070
92815 -21996
69180 98773
-12501 79973
-74366 103442
86856 -63485
97863 -53287
-68209 118934
20965 -95421
-13735 70879
-82709 78569
43035 -2624
32008 -46524
-119663 61376
-102083 110919
-113690 -46501
-20245 -83477
30853 -13869
-5509 58384
29634 -33098
-89064 18531
-20926 92783
102352 -78945
-100169 -52600
71608 -79388
-22801 -60163
-14408 42301
-101870 32690
-42810 120777
44784 -68107
-32482 -107656
-29821 115083
5292 69196
111621 -114201
9263 39227
-75591 13258
-92332 -68659
95817 100379
95191 -67349
-102099 82185
-77201 -7991
-19638 -41585
-6375 15759
-4278 113551
-78313 -63254
-59006 -30755
7173 -14811
-60523 118542
-4873 -7828
-115778 -25503
39444 108802
-83482 -6958
97005 -12034
18991 54615
61695 -71387
106815 -36445
-74917 20664
39596 -79593
-110380 -11115
-114792 -71905
95737 41788
-2798 59271
-23158 -14274
32463 -14540
-99768 -109434
-56342 100546
-3596 -30055
106196 -79325
28464 -17587
53749 -16718
-107102 -56616
17139 -96684
57667 80813
