40
-49136 -32505
7939 -64442
-79642 -43969
22517 -432
54752 79831
-61902 -38090
54033 -41240
10180 48142
52166 -63361
29803 17886
9512 -9909
84625 -30240
29290 67226
17406 -17334
-33822 -77212
19411 24801
72005 16900
81744 51996
67284 36712
63044 -43548
59714 79814
40082 -33698
50176 66125
73092 64552
74615 45876
-10651 55097
47184 58027
85167 77134
-51224 -42385
-1621 46411
-5967 -86748
55192 67855
25453 -36253
1234 -60493
88275 6014
60356 63672
71196 -44732
-62949 77779
38134 -74778
3585 8042
