92
62441 -130041
-22725 -70785
-83170 4325
121930 -23081
113004 81680
62105 20228
42589 65886
106507 -25367
99382 -96709
85356 -21597
-54498 -116151
-118959 -21050
-39052 -58335
-35902 131086
-102990 40160
60681 47652
33020 -134045
68476 -44881
-33490 -5558
20981 31409
59902 -60887
-107115 94918
115930 70474
121059 40940
129680 -125888
-38959 -80078
-79719 64223
-87349 -54435
37856 126204
62995 18030
102437 -46238
-97168 41434
-35145 59381
51558 -55113
-62798 86253
76465 -8225
124948 37916
80252 83451
24838 -115642
42158 28886
-48478 40630
-36947 63919
104176 -27370
34490 66635
-72346 -30982
-48298 -96205
104262 112131
-11464 -6160
8660 115378
84977 32837
-64070 65800
79280 96110
-100695 -2985
-60881 44108
60047 55748
-36678 -122567
-126529 92879
-50155 92252
-27661 39214
19608 24803
-11231 -96095
78507 -94184
21839 -105754
134912 51718
120360 -22488
-24308 -84654
26823 -50527
26303 -128419
-105331 -80184
-109492 64305
21536 13806
61185 78138
-118260 52264
-43226 14378
124747 -83614
35376 -41244
52743 -101457
-72296 -8561
69413 65984
-75934 104031
45492 7487
128509 -89259
130502 -114777
-22528 -58931
-54036 2032
82722 -126405
-30948 -64978
-4068 112030
-1440 27741
-17800 -10574
97671 -115587
8763 35361
