63
-41473 97336
80367 -105394
22292 -78924
-106984 63287
-29132 22050
-105814 109667
-79588 -52714
-6388 20933
-90789 -26483
-80770 -11336
-63098 43604
-94958 -96822
14457 109182
91245 -65528
-45786 39975
109002 -103707
66425 -100843
-77802 -93204
59943 -28053
-57880 108038
-83427 10189
20543 -79471
44075 -94546
-4585 -73571
33019 38316
45646 52520
-55306 -42925
-13122 67241
38924 97882
11851 -109346
63199 -77856
29709 -43770
-110022 47084
26194 -93205
-61810 -99252
96321 -91411
-70121 -28555
6244 -56062
-20277 66401
2221 104512
-57446 -74941
104783 -71308
-2172 56804
55020 -85782
-38287 83626
-44242 106959
55090 -62185
105071 -42303
-10459 -98901
-85949 32110
-39468 21249
11485 -102037
-100040 17770
-91701 29411
38068 -65886
-93615 -98881
84573 -6947
-38211 -43746
-86717 78176
-44195 80131
-54706 34248
-36993 28441
-69309 96398
