61
-90962 -40184
98891 -18452
-16061 -71373
-85945 13844
9981 69444
-23540 -30746
47421 -63929
-69690 59577
69384 -63815
-4698 1587
-72579 42063
-76001 59869
104429 65227
10904 -1105
71535 28833
-34859 108389
77472 72201
-46643 -34942
-7292 -27288
-72606 -88481
-64637 4189
42574 -20809
-76618 65225
99370 -69617
-63119 -18751
32321 -523
48754 323
32656 -96117
-22591 -65015
-2675 -74727
-100830 -96574
-58787 -43596
62085 14394
-88285 5036
18355 35007
68223 -11446
-71996 -64257
-45469 18960
73126 -59702
-65920 -50256
24506 32239
7001 61688
-12454 -69612
-62879 43964
29030 -53849
39712 -6480
78766 -3053
11860 31879
-109091 54460
-25660 93824
18164 -13343
93663 -62819
70926 101660
22941 -69789
64714 20123
56730 -543
95985 -98270
20809 48641
3067 -75309
91063 -77840
30869 -59316
