56
-64802 -7751
59769 -21497
-1885 -69535
57164 -11016
60202 -24202
8287 81265
31386 -89369
33090 82702
13686 -16263
94871 103276
-71939 43772
102232 40674
2830 -62933
99349 -31827
72056 -27549
-71661 -11258
-88230 79861
7590 63386
-68035 -43611
-6801 -67781
11253 98555
-18647 -80130
54004 32528
43619 -35397
-28794 -47263
-80136 -16528
16094 -7078
66721 -72092
-74438 -21591
44873 65173
104934 -35748
58176 -85409
53627 38513
-88165 -75968
49045 -103327
45145 -104361
23551 76302
-5173 -73487
-67631 5856
-73528 -50492
92206 -75268
-8715 -60792
23761 82032
51029 31665
-52461 104807
2683 -13224
-61587 12696
-46079 -38282
10079 82468
24020 30239
-104836 -30824
-17040 7483
-23898 67666
-86083 68934
32584 103597
100523 63978
