64
-65518 -83364
68039 6452
2091 -3469
67261 1150
20456 50077
48913 -70513
-57024 -81159
-40600 -99206
78665 17039
94066 -97024
-87313 -85800
79954 -59784
-75975 -99319
46399 34518
-20700 70423
-32968 -78521
78701 -25455
-26568 -24938
-76068 -74722
-73265 69862
-92577 -6275
96783 -42752
30611 -5678
-9426 100099
42891 57823
69768 103896
40826 9857
-41896 -72324
-112036 -91170
-107588 64986
-104358 40629
-78688 -41260
-105225 -108347
97083 100179
-112389 -27262
8059 27794
-26209 -59669
-10783 -83436
61737 -50040
68572 -29789
-58098 111727
82574 -32683
94096 -36344
-6170 66713
83457 -13238
-33811 -82035
-108399 69456
-47567 6832
-54512 17699
-65904 -86681
38202 -20939
-70162 -100515
-64489 57470
88680 -25356
-84317 80778
-24763 -6566
-7548 109874
58967 -99800
-106450 93238
-41403 48593
-49419 112996
-59878 -75012
107741 -47449
-111332 16740
