91
75262 45906
4751 38243
134586 -118705
17389 29464
79123 44419
-55819 77577
14041 58584
-34962 123437
-29725 -12116
-103725 -91817
-32093 75636
-43348 -114703
-116775 -27154
4008 -140
12459 127592
-108927 -126985
67653 58396
67914 -73795
-30560 93654
89005 50748
-34555 -57558
9080 -53639
-26098 97836
121829 -89133
100389 -119794
-95739 -104531
-101508 -16146
-1891 -96447
-23699 89048
-707 19625
-18641 -47794
71092 9784
-57795 64970
-54036 -59893
79514 67603
31102 81164
-128400 -131717
77729 -107141
107091 97531
106138 71918
-59725 15933
-24419 28691
-106268 -107261
70599 112840
-86340 119570
89995 -55141
7089 -67673
9491 9085
86113 28175
62267 -99739
57348 119076
-91205 78175
-97524 -114890
8090 86510
75830 108846
-126602 -14790
-33439 -85213
-61993 -36464
67631 -37690
12817 -69140
107397 -121419
119518 103872
9751 -43402
-97864 104678
84797 -53844
59788 -67879
65235 112083
34494 -19802
-88238 -29988
12596 62013
-32547 96911
127538 22763
61627 42011
115245 -35488
116553 -25770
28915 116148
11586 -118456
101463 -111131
-54552 -58793
27568 -57850
-94099 -8183
45626 116673
-78105 -66202
-66450 111424
-53799 132335
-131784 78801
-125011 4998
60400 41267
-98568 109411
88549 -26625
-118697 120865
