71
115507 -25132
83714 57194
47193 72846
16766 77514
11311 -101904
90360 24412
-7511 23549
-24543 -76950
290 116844
-56949 -92392
9773 -117565
30536 3530
-48626 78380
87136 80828
56139 -40623
-28969 -99783
-13146 -14221
32802 -38719
-23396 109576
90854 1869
83262 29317
25746 50736
-93563 75834
-111164 117362
-74028 -4204
5229 47986
-69364 -108522
58717 58668
-33640 69185
-54624 -8281
-44337 -17423
-105810 -99550
-110472 30367
64899 -40049
98711 8941
62715 86128
28483 -29948
99795 -103988
91306 -29468
112148 55385
3419 18732
8326 105813
-2395 78946
87075 110321
89680 -99984
-58864 -54101
20407 -54831
34761 -80843
29898 14990
37934 -92885
119029 52140
-75530 69796
-58272 -90465
-107388 -77565
1249 -54425
-86483 69576
115997 16110
37248 -34781
-106686 52934
-95705 -77106
103669 -114712
43985 94030
-94605 17984
36097 -109140
-2156 -89582
5929 -24924
-68442 48924
18222 24648
16276 -20387
-18511 -77652
-94984 25591
