63
-76007 101552
16894 -1588
64485 95638
29429 -61802
-13067 107878
65222 82967
26377 52037
110545 -35378
99761 64235
-59049 36526
77241 72945
-81043 -84864
-5713 35202
91077 106328
-105360 36558
57690 -99609
-6502 -72017
-13888 57619
-108892 51289
83278 -60942
-68090 93291
-90743 -46598
56883 -89271
16820 -13214
-75872 -69676
-38070 73371
-20720 102153
-58730 90484
42291 -52678
105469 70050
73688 -54307
11569 -79018
-112121 -96646
-85729 -100539
23272 -67917
-61439 96708
-62299 -30424
-98425 45633
-73099 -104284
-73096 50086
8430 111885
-14610 27344
-41903 -67565
12892 110295
68387 56190
-2653 93447
70009 44743
-26349 37962
-195 54117
38470 98658
5624 56837
-81839 31407
-42346 105677
77472 20244
47957 57181
95939 -14694
-21733 94681
-31459 97832
44487 23072
-64216 -6917
-78632 87963
-105373 15699
-24901 90903
