75
13874 -106275
-118973 -11855
-44572 89908
-85775 6418
-48825 61788
119032 62422
-74797 94104
89274 72766
-6533 38037
-1539 -32795
-88321 -50735
89610 -19886
-93315 -6344
-65959 74772
-105319 -100099
-102650 -30480
59769 -96725
44529 -76105
-61058 11367
109034 -53326
-16709 -30247
57305 58775
102362 77713
-67784 35739
17944 106295
67647 -46463
-3187 -47322
-119034 68704
-54492 13113
66851 -96366
-117638 -108150
96743 -22618
116894 -27418
67033 76383
78165 67432
110841 -18775
-39730 51874
90421 104604
-94536 -55220
-39223 -43389
-12054 -111187
84955 -97154
-113181 -55498
-18149 -37492
-91324 88710
4702 -55697
80547 18521
-64746 76981
-54838 -33037
-87523 117407
49034 -116019
67099 82648
22003 -45642
111299 2987
-72353 -92455
56940 82051
12285 98996
810 -13139
66119 -120874
27765 -11012
7089 -77713
-100361 -8446
72384 -87202
40960 53108
-76253 52279
48892 77214
61013 -108085
98263 -16003
8480 -50241
112305 -101005
-13259 82811
-93543 -47004
-116540 2381
-85433 -70813
-116434 -4098
