88
59536 -14858
45908 -90334
47029 16825
-124815 55504
66126 106422
-31983 117358
-106377 -57550
-103821 -119188
34815 -65062
5126 -37322
128919 117859
-25193 -100122
-10057 6000
-34801 -88791
-55273 -13777
107510 -80670
37466 52167
89630 -129353
17218 -58344
-81136 -16186
-21498 107739
-15317 -117932
102351 120044
126830 -114743
23289 -75084
36601 -105295
93507 68558
-104276 17098
23654 -123901
-54278 -101733
88837 71955
116535 -28026
87527 -130927
49098 -97936
-82417 -63974
11018 126034
106372 -64859
72712 -23829
69714 117510
-119231 -74399
-113993 126148
-110038 44252
58001 -92264
-122891 -116578
84326 -109460
-30060 -78297
13054 73090
55300 113967
89809 24360
60991 65761
-78071 109558
5308 66389
-101812 22956
-120919 118218
3416 -130092
72181 26129
-89057 -80095
110821 -54941
-41169 -127150
-66780 19172
76942 -113529
-55644 -3073
-81454 -80356
-86917 -26183
61021 -59689
-4165 -118081
62324 -3650
-116720 128789
50442 115592
99239 -3715
-96777 52632
-95909 -38643
63878 -7001
-49282 -60855
75462 -98859
88136 -33894
91564 59784
77500 -15358
-11972 73687
-60430 91977
-116174 91093
-94843 107584
-17659 15662
-36007 -119193
-46907 -3519
-65578 90331
23211 121889
59250 101001
