75
62123 -101438
-39296 94163
-51101 46332
7486 -18362
110585 17801
-52061 -61045
-57370 -45305
-33344 -31177
-90985 -117968
-107910 55835
98868 -82816
10038 -55383
-107678 21917
67556 112901
-122148 -68776
20763 -120790
-48981 119838
-82738 -76636
-84435 115658
-31621 -78367
-48888 -80094
75905 -20797
-80448 -78833
20675 -88351
50182 -47940
-89222 -18391
47007 -99910
-112675 101930
10754 56076
-30518 5743
-102939 45440
27017 -6464
-10753 -13627
20806 -16452
113825 19964
57421 28933
-14129 82118
-54718 63993
-94436 -97428
54111 54727
85927 -94280
49033 -64942
-29553 -75133
-108815 -101456
-40367 -107775
31988 -77694
-9227 -28805
100218 -38333
83886 121566
-77888 -49866
-73038 -102622
58240 20664
84568 74336
13241 -86906
63182 11795
-14071 -27982
-12101 51106
34134 119839
120519 -62462
101950 -81753
-65800 -59120
105400 10170
-53847 12264
-80294 16992
-27967 -92005
76974 -41780
37736 -48962
52028 27042
121002 91329
-11335 -8592
-95279 -73741
-97849 -47661
1054 9574
-89338 1896
-63874 80175
