71
3620 89529
24867 70676
-104864 112348
58236 -84821
-108496 63201
-102242 -62826
54889 -16909
-105597 -68411
-24286 1696
-22814 57136
49818 -31446
-6669 62971
-98097 51995
-18042 70798
101017 -48854
-5566 116848
99877 -86393
82509 73359
-100247 36051
-116126 77425
4833 -62841
41031 -102673
116410 -39211
-47229 115668
-58665 9641
-73281 -47560
119051 -1668
83739 -66157
-112092 51126
59214 -114008
103955 110514
-1049 90327
69181 113909
-106390 88761
29362 36968
17328 -21519
5703 -52549
74860 -66728
-118934 44330
-19422 12559
-69982 41263
-43267 -25532
69352 -82896
61041 6280
28909 78193
-95643 6314
-62566 74771
-53591 -100701
-108722 -114832
65869 -28837
110367 -38034
-83867 -54675
-1040 5346
-12313 -62751
-51644 23404
94552 -40717
-12210 15763
-107603 -18095
5089 73513
4057 11900
94284 -113797
-4838 -77839
-14104 6784
-25488 104312
59045 -17209
-85777 -94059
-18924 109312
-58062 -48328
12167 -98267
-16721 104726
-15539 105490
