98
81072 120257
14483 -89323
-73231 -33887
98179 70545
132274 11398
-47742 16729
-75960 54604
108508 -124293
5282 -79729
69369 -8112
20919 5776
24427 -46385
-49102 37396
-63261 116957
-38015 100214
131453 -58761
44910 77839
76921 -132548
129064 -37640
-106492 -61868
68435 -132029
-8837 98407
137771 -39005
-64879 -15956
-87264 -1997
-67475 -79756
8629 -18022
68103 22881
102188 51804
-67376 136401
21117 12002
10707 -138748
109874 -43660
69948 52330
133420 28353
-74023 79194
-41374 47665
-81921 -114486
120952 -85571
5023 81518
-123759 14057
10086 70312
-95246 41577
47893 100609
-112394 -78053
-53857 116274
-48209 -29912
-104634 -33031
-134158 135311
-98806 102541
-116544 119374
45572 70486
732 -104544
71191 96149
8108 -39587
-92232 88828
-120462 -96789
-76991 103579
-78285 -117779
-102583 114503
-15232 9601
116817 80043
-31843 -18243
-51228 36612
94363 -51519
-107799 -31924
95504 8772
-124892 -134624
-5376 -28322
-122397 5085
-14718 -48257
63670 -86897
-91310 73854
12432 -100330
-28457 -51595
128432 90889
66845 -56908
22296 20981
-106234 118809
-121785 127783
53167 -125960
-50064 -128587
103681 132456
-130780 72393
30875 -40909
-87896 -3927
-125333 -21846
-43100 58357
44663 -50463
25577 -46321
669 30542
3997 -27715
79567 -95676
-41137 43357
25997 111897
28387 -122782
20730 119268
22726 -64140
