78
-1320 76576
44645 -107147
-14772 -65067
-101057 -38262
47760 52978
26345 -57289
-65695 94497
119068 113207
14970 26377
-50708 115940
90359 34698
-54917 -60606
-95644 54864
84141 104617
52346 105107
-120842 34067
-64212 88481
-18419 -123403
-100534 -65337
-62453 82096
-31397 -44172
103468 71968
-37286 30067
-49482 -72129
-109887 -96592
25484 -35892
-108531 -8356
7760 98753
-5032 -71161
-77285 -55570
99800 -121768
-73128 56543
83504 123064
-122497 -78963
-5430 -1067
41906 62146
-91538 97743
-92508 -109018
31762 102354
98240 103407
-101126 -34446
-18736 -83618
-24435 -81717
124305 20616
-75220 -25729
-120572 53949
-34 104528
-117614 -33921
-18094 -89067
72107 -30111
-67205 63024
-27250 -87393
-114157 68339
91442 57136
9142 10079
-112326 -4658
-33211 -59048
10364 82433
42038 -98154
-69601 112621
62924 -72868
-120904 13514
-87349 55736
107216 24176
-66395 72011
-101701 -43462
115350 -50422
-47459 8555
-21504 -61531
14839 13150
22725 -40765
-80074 -43552
19526 62302
-55441 8067
111773 -84111
11242 -78015
-70873 -100060
-48693 23355
