94
56860 35210
-14487 115993
42431 -61198
-54665 -58210
-33056 44513
21391 65810
-39051 13243
-81170 -96184
50943 72620
-107319 -10362
-114757 15851
60536 71803
3810 10079
-41156 22756
-39998 79109
127366 23278
29300 -92242
69798 -108842
-24957 98557
-125583 132742
-114568 2687
48759 -104824
-37135 -104945
60158 135757
-52278 2685
-62957 133166
115030 -39544
52059 -62146
54893 67103
-122812 -122714
-105629 125880
-20735 -61897
-39944 -12608
-25051 -16686
-78764 -119224
90150 34712
-27978 23673
-105795 -62729
-38077 8914
-112498 -11754
-16714 66795
-21505 19287
-5129 119507
136838 -71240
63585 -134756
-57460 -93172
-48684 1609
86200 -84040
101506 31458
-119219 108706
114896 -30961
38085 83744
-127421 128266
-123174 47145
-121105 84320
19161 68646
48591 83365
-54450 120566
131013 -70520
-60734 115783
9140 55070
106349 -94814
132890 104833
-118796 -41317
-116665 53316
-77057 -45806
125635 8439
108443 34651
18447 30707
1866 72042
114236 -116264
119263 -129067
-64005 121530
-66006 90725
29132 -23393
113510 66721
82321 -31798
-58771 124216
98490 -46168
-76450 -3041
-66004 68647
-90348 -17970
74523 -28702
-32514 20194
-36153 70760
96616 29273
-42748 29365
-42640 35384
59843 -61699
-72424 4770
-110977 61884
-123506 124831
111194 133196
-66394 -8692
