54
95783 -2939
95835 26389
-51019 53947
-82192 28169
29428 29436
102732 -57914
73933 -4628
-53762 97591
13697 36068
16045 -86058
-62263 70224
61136 -28390
67213 12593
54675 60296
64731 -82699
-55980 85403
-41918 25755
33857 43550
26733 28115
74970 -79025
100263 29700
-63994 -97004
-24569 -45362
6213 -64141
-83569 42513
-34610 98769
-93190 -38659
-68962 -29464
-69445 -13855
15889 -67833
-89053 -7984
-74641 -73466
-50292 61246
64907 -79027
84172 -61523
-83324 64543
-100796 -101994
-81999 -24789
-79370 94664
58262 1130
31139 50927
-87400 530
96956 -61829
26216 84585
2096 103270
-63510 -15723
-46696 38338
90548 -45884
75476 -24941
-80559 92255
34538 66547
-37573 -22605
-90521 101453
-72172 -39648
