41
-90011 42219
27631 -25359
-38266 -77318
84013 25110
-43392 86717
-28284 75784
-2100 57852
57259 -41081
54780 -29756
-59766 19474
-77043 -21575
-61695 21428
-70663 64574
39002 31811
-86192 28301
36337 -24225
30384 -37874
-20991 -55618
27654 20014
-5519 -28700
-74250 41281
-8761 -34822
-49503 56622
-33911 57055
39751 -89257
-43423 -2738
-32810 17275
-74432 60473
-64487 33131
25953 31696
-86066 -23073
-32806 51094
-63548 -30643
-33693 -68387
-35872 70429
-85397 30766
-41614 37589
-79501 -3467
65066 64885
-27995 -15291
65896 84817
