49
-31528 -25225
19675 59331
-55019 -4599
14440 -11674
-51217 41721
-18950 -29485
-66466 89976
28598 -24677
-85178 8874
64870 13216
-97681 49540
-1147 68625
-54291 11759
17075 -57686
52084 -39171
-10832 -67740
78881 -19850
-51186 -68535
-96292 18493
34501 21248
74395 3521
46413 17802
-61028 82563
54643 -90466
-92460 -76320
-72954 2631
-88566 -13956
7211 56037
-42406 18751
-94020 -55073
-42471 6673
43047 -10087
92305 -8856
-85791 -73984
7340 -26809
-82788 52029
59271 20069
-94503 7336
-49175 33772
24962 -2128
-70441 -85937
-63305 48127
29603 -42751
-57917 -82711
50354 -38344
-82579 59205
48482 96332
-12273 52485
-67980 -93916
