81
56209 97434
-78449 -25997
-108725 53689
17912 103730
84958 -73156
39919 120521
-122741 64751
114067 -76978
-684 -36186
-95873 -92356
-106216 -73221
-64121 -97717
-102502 8921
-38151 26744
-30080 -3291
8890 125336
-112873 -80491
29389 105575
81977 57119
-91493 27839
-73306 -62706
65686 -11210
62856 103379
-76738 55218
-65809 40577
54758 -65260
52583 29639
-126316 41405
83134 -117769
-80990 12170
60607 -84830
111679 62787
74225 317
86916 -86209
-105026 91460
-89379 98925
105104 43757
60647 -21071
-97716 119773
30069 78108
82165 -49141
121152 -82353
10034 -34822
57240 -115556
-41052 69292
97641 117468
96222 56896
-117296 124318
-35119 52600
59626 49782
50790 -72880
-40021 -34647
61512 78829
86440 11974
-85799 -88645
31802 22183
124696 -119842
86323 -31966
-118424 -74040
62285 -123410
-66580 -79841
17420 68164
116533 -9285
4846 -65960
-61363 111414
47138 82093
-71229 -124684
49141 -3078
12797 -127159
-110348 -4333
-15319 -113789
-66715 80395
-75435 -34492
-90442 -65125
38983 3671
-86655 -66065
-60573 104226
106396 -12494
-32329 -113093
27448 85360
73200 -60782
