62
17511 7904
-92045 100086
-90285 103090
-100089 -69461
41341 -36338
-20292 78494
-66619 59553
-77966 69169
96786 24558
53592 99701
105144 -47153
-19397 14215
-90654 22872
-32428 820
109283 69490
18239 72095
41652 -33817
98125 55661
85038 -19599
40997 11674
90308 -49672
91016 88234
-104210 -16752
-44949 62927
-18604 -29523
35369 -108123
-1565 1448
-94433 -35557
-30400 65592
-63530 -104971
55693 42632
3083 -96930
15650 -40685
634 94254
-61321 35514
18152 35026
6525 54543
-58502 19408
-32806 -53518
-38285 -109307
105563 16370
-29419 -75610
-78882 4240
70145 89407
-94055 13030
-101865 -66744
68408 -110350
57144 51982
86283 93800
29008 35746
-90687 -98989
101165 51123
-10046 26398
-103279 39641
-61934 86
-44237 -63004
82414 -103917
34876 65031
27495 -9401
-19644 77577
72490 78769
-46227 -90339
