88
-18188 90699
82509 -90018
8004 4028
92210 33826
74220 -19200
-129703 -20430
901 101175
-56922 -92643
32244 -60588
82724 58050
86773 -92738
-14478 -79344
67732 -41131
15497 39120
-108512 92359
88296 -55525
-29389 -37189
124211 26465
-107596 112116
18119 -100151
-30001 -94722
60184 -121332
-70528 -61838
129310 -124064
-43101 -7253
11542 62661
-101414 32598
-117923 119082
-8710 129992
-6854 112848
-46901 -88533
45267 22895
-15440 -20741
-7195 -86036
-981 131
-45052 115687
55959 -117351
64626 -45756
-27232 111234
132341 -54271
-16361 68917
-24808 106604
-53087 88070
77450 -120009
131106 76461
37521 -31939
33976 -89227
-121907 49978
41556 -50258
-119093 -44158
-78885 56160
-88640 -44084
125349 105712
-10183 83361
48607 -17776
12199 -77790
130340 -132335
-29034 -125668
132658 8582
28889 -122923
61765 -1330
101783 -126237
-125604 -96756
-90955 -24421
-131437 5903
28656 -130736
-96866 33982
-68243 12520
-107017 103950
-42980 33070
78596 -120592
-86337 -44366
41514 56045
15353 117784
69748 112437
121417 4228
-22924 1407
-43733 -97378
-131719 -87153
110037 19205
-71361 -57175
-59569 -1674
-38790 -27887
-9000 41793
36485 -4492
44406 -75410
52684 32656
-67450 -95875
