51
-68767 58258
15511 -89666
-48925 2623
22171 93104
-48582 -35310
-86290 68019
-82081 -5112
-72518 82206
97411 67997
72475 61781
-50329 -75388
48705 -39003
91838 -61913
-59888 -9901
81251 93634
41877 69044
-98599 -88808
-44061 -14299
-84858 -2099
94565 33615
-40208 50370
-41 62457
9355 69433
-25753 -62955
85676 84526
82057 68656
-34253 53666
-18899 98241
90209 -57186
54500 -19132
75080 -87128
-38793 -45280
-83831 -2794
-20817 48686
56603 -18580
72646 46150
72299 42120
78357 -6312
18397 35472
55033 54803
-20493 98120
96129 71709
-60335 92278
-36107 68323
-64949 -90315
-58230 -13871
29618 5415
52912 -94568
-32275 -48558
-6203 44032
73395 11774
