59
59704 -92085
57600 65095
-32870 20405
1208 -65354
1669 -95662
98412 -78344
70860 -76457
-12489 70937
59681 41625
68007 13433
102456 45947
-36208 -100750
-69994 -43739
-100320 -8294
-31884 33053
-88475 35558
53622 100248
-81807 26705
-16911 -47883
34368 -22006
4510 8257
-101183 77552
10082 -73264
-59887 55313
89537 1576
-100533 -107463
-20391 -48478
-60585 -24183
-84728 -99736
-44565 -55124
-38944 51551
-70155 76224
-56686 -56588
-12359 -42949
29169 95153
84352 75044
-55462 37033
73119 -80971
-45444 -69904
-21391 -32501
57612 108384
-102652 -84981
-106720 -105225
97581 -34015
-49289 6589
-78316 -62522
29732 53199
100138 48552
-79844 -88834
-81085 -26611
-83513 -88984
48694 -95607
-73694 105107
-68510 -107456
-24333 -41373
37183 82163
-105978 -42411
-304 -24912
-693 -20189
