45
28522 -33117
46884 22638
-4994 15794
22507 66037
7837 91520
-87554 -58668
56559 -83642
65882 69832
55314 89826
2201 -7114
-12322 -20556
-78408 2890
-91971 -25860
14360 -27031
27770 -31259
63312 -8201
-12845 -10883
83748 -63593
-15280 33674
25475 -22131
-41555 -79019
-36849 -80071
49620 -7117
62989 -24247
4390 55859
25618 85354
88170 18398
91724 -12639
66827 25088
39533 37810
-24773 -47190
-1719 78418
773 30666
24136 41475
-69363 -94707
39237 -17194
-66867 27377
-33190 -52976
42722 86647
-31451 -81235
1253 -88704
93752 -5532
-36719 33476
12069 -18244
834 85743
