93
61685 119098
86254 110879
95329 -10288
-91158 28431
66782 -54966
20692 81657
96582 11835
-43237 -49916
-22772 -42638
-82164 122311
127140 -113575
-45355 69475
-119600 57971
-44325 44655
21560 -46990
-135320 87939
131971 -128928
-65174 128265
-25656 85774
15707 88496
76905 -107963
122632 -52630
-35591 135412
-38569 42805
-20786 47081
-128836 8105
-113668 86645
-21916 -4592
16417 -64796
-67304 60198
56537 -99279
-90050 31970
-18320 -24403
-89623 -33380
-109948 -23842
129618 -124710
6720 122863
-16743 19146
49081 -81553
13160 -119249
68707 -1116
-44575 36828
-98451 104503
74985 -10855
-63569 89257
-33788 96074
-83776 52939
-13883 -128633
-75734 -23738
95685 16291
122986 27020
55017 126848
-60995 -61462
69923 -43713
128329 109085
-88510 -58762
133567 57013
72834 119776
-88095 124929
-70941 46077
-86122 127294
29444 87082
-39179 5951
94419 1936
-92340 -9355
-10007 113379
-130059 134778
125858 94120
1682 60519
-67310 -110178
-24781 -135374
-119578 -25092
129264 57718
-83458 -87461
-84891 10516
-25288 -100794
38162 17388
111847 52929
-81221 133131
62223 -93716
131836 71697
-19256 59393
-112261 17789
-24982 -7341
-41356 69678
5154 78383
-17019 120105
110823 -98719
33828 80796
107608 -124136
113290 116084
-27662 -46218
30317 -45408
