88
-94316 -32839
-112489 -89394
77639 -74194
51076 -52311
-50533 112452
47040 -51822
-118057 -105924
-63571 4963
122158 -55055
96079 74990
-105453 -99626
113358 -31272
48190 6105
-93052 22042
-111286 52622
-50110 66605
45565 -125849
-42604 -32092
128380 -96093
-54828 -44772
-125028 6807
42621 107141
16217 99325
-101886 109905
-103113 -91689
69388 68992
-118368 65290
98312 125717
-88674 -83228
7076 15727
-76188 1967
-68054 47786
-61229 87366
-53120 31665
-118418 -55461
85190 86511
-111678 3445
91758 -21459
4333 8919
81900 27275
132398 -64366
91993 -107499
47270 -31328
18377 47759
-84836 117147
41794 110035
-79940 58602
-103230 24158
72483 -1843
37858 -119709
59656 -57401
38325 -33814
-131509 90234
93377 -90582
-130221 119385
-45359 -62516
109365 54655
110238 39431
-128158 114754
19698 -73076
40393 109051
42818 28439
69887 115866
-118353 -19694
68852 91535
59666 -107315
38702 107053
-119194 -38309
14058 -132373
79387 57054
50426 -40756
111806 8028
-97381 78401
-103183 5158
84832 53834
-63268 48851
-55603 27294
50293 69061
-38547 -125167
35984 -47398
-8601 -52593
70310 96162
74992 71386
85447 16189
-65685 38940
-125293 -59610
-128478 27720
-2614 116876
