43
-11742 -31252
-47167 -78318
27779 -9544
-49335 4513
-78976 -34812
22823 -43191
22806 -52235
-32762 -80985
-41106 90318
-66964 -40414
-20382 36082
79458 12685
-81863 -92172
-15196 -47654
81980 39080
32938 -45373
-17716 29349
21834 75370
-77965 33299
7611 -18310
66600 35427
34686 36968
84856 26843
-38490 -35816
83872 66570
-52262 -2232
-70353 -23016
-79449 85531
-21867 -80288
88564 -41172
69368 37287
35901 62711
-25915 3664
261 62646
-64202 29416
-20979 68873
-8684 46008
86626 57087
88974 -11513
-31218 -44735
-12801 67695
90008 -92732
39619 42181
