94
-96768 -113322
84131 72913
100227 101031
-120998 41054
110523 97677
-26706 -23658
8714 62668
-80392 25159
85650 8833
116237 36600
108370 81267
-111661 -31356
-77263 -82054
132555 6446
-78160 -78258
-133232 77316
23213 23085
-107796 66938
41131 25870
53386 118748
-67240 -31739
-7381 34713
-110624 -16335
96729 -64921
40997 8086
121823 14645
-79363 -17691
-67886 108094
-27715 118605
-5904 12042
-86984 117608
-33144 42505
35728 -116194
107321 25101
-31874 93345
58104 126112
-47426 -93031
-18699 109989
51075 -50538
136083 17642
42152 -124126
55272 85717
-97568 -6254
15232 -106044
-39714 11357
97661 -48548
8045 -51656
-123101 -47137
102888 -82399
101017 1399
115357 96612
114058 -86443
130699 123409
117104 -57862
48529 90813
92763 107643
-77781 7847
-51968 -92165
132753 54813
31228 -95788
52055 -123747
54788 110974
-61466 -1929
-107822 121743
-42157 102015
26227 -110500
7128 -14497
-80424 30987
-42986 -103941
33794 100166
46823 -34729
-55794 -33425
132221 -126360
-83321 -116554
-10575 59627
-43111 -60062
50965 50492
-113118 133740
-134503 -112024
-33856 -19173
-116237 -96175
41499 18253
85230 -83115
30728 -129172
-124963 61954
124308 120671
62448 61542
102158 1946
-59489 -22270
33683 81660
-122008 -34006
-82155 135108
-78506 -121911
-66546 -109204
