50
5175 -27642
39141 64525
49498 -59038
53959 -63539
90323 42428
-91099 74354
34059 -78476
53075 89547
-90117 -78863
-20091 -17735
70575 -67819
-71191 2374
85417 -62512
-59501 -33000
24667 -77926
-42931 20615
-46331 -2091
-45295 90638
-34180 -65682
1083 73931
-92584 -56762
54927 -61264
37774 5284
63911 14347
98197 51769
-83359 33885
-41016 -50243
-12985 47249
-30503 86031
20225 -59825
37703 -32951
-5613 35267
-32496 -50271
19852 34501
-8585 -26945
94876 -68956
38258 -91776
17015 45625
-91143 32029
85321 41001
3217 9408
-79177 -4162
56127 -43370
-28343 48275
-63965 -4183
-93476 -13136
-29313 -70405
-66444 -34164
-95862 39591
-66792 -2111
