74
-60320 66624
24025 55822
77670 112477
13499 -32330
-39445 36575
107578 -105589
67321 -59241
-78676 -29717
66553 41239
-108695 -109746
-106178 52961
31488 -40470
-72353 31876
-111243 74001
-102153 -23939
-82298 50564
-107344 89360
-72218 -572
19821 -64818
-12665 14872
-104715 -52469
89473 -101274
-46053 -49560
105534 102800
-120395 37601
-24297 58504
101279 -39018
-84588 -27505
-99431 -65735
-28290 75501
94521 66866
-71251 84550
110907 7791
-86353 -53247
29205 -31126
119225 -104519
48680 67008
65332 43426
47266 84709
78215 -13949
-7632 -48232
68623 -14302
-84861 -23351
-44089 -66059
-59481 54399
-21524 -71952
49369 -55245
72035 106212
-106301 95811
11988 -1318
-102665 -112199
17695 90381
24365 114588
-6073 -30536
99059 54879
-20101 -2093
-113975 -85984
-40842 68478
88462 -90688
-91924 -28977
-45651 -14856
100335 60562
46697 58018
-12590 100092
-73101 -44783
-55852 104122
-74064 -54483
-96547 39504
-25348 46571
100117 -68906
-112064 -66213
56235 49984
8310 64802
14008 -60423
