99
41135 -14187
-137702 119850
24663 -6659
58036 -60253
-56034 32252
-2898 -81107
6702 -6667
-12478 45464
-107760 97065
17931 -131406
-68339 -76990
-63389 48287
71657 65852
60732 86573
-32639 -120492
12799 129128
-44369 74724
-41133 121383
-41713 -30090
43060 -93758
-76820 52793
-22865 -107775
-126785 106036
53722 140437
125860 66537
4524 102264
56493 104396
48971 23658
-58100 -10633
-28441 -63472
93269 104112
-91492 16296
-68204 -112600
81404 53487
16353 -140703
47556 -98530
12797 -123414
-94459 -137845
49064 123116
64736 54558
90960 -57651
37991 -22917
21487 -65932
-21625 -88809
35250 15364
-109274 96070
-69075 -22830
-51474 -9573
130351 -21506
-104448 34557
29081 95552
-81416 -37412
-616 -101827
30493 71850
-113700 -67551
33357 -46955
-10704 58619
83390 -124460
-106963 15087
-135710 -123684
70459 1093
10500 55184
38735 -55644
-20969 30502
63965 -87606
104825 4334
-47694 -31743
119794 90004
108028 -60878
49191 -140015
-138467 87588
36502 57211
-119470 -129820
60030 -17232
74644 -109898
100395 -131983
7226 -127932
119217 -38585
19987 -6693
-1576 -60222
101483 -37520
-80880 54315
-99178 7197
123424 101415
-30451 10625
-117837 120713
-134951 85882
-37607 40775
-127620 -10768
-37705 123201
67602 -114102
3604 -114853
40416 -51000
-82495 -40925
-134702 40431
-18216 -94745
-73610 -21100
-6377 127081
93431 -122374
