77
74259 -103129
99033 92646
92918 -88180
-85512 -64922
49867 25405
91324 94729
10986 -119109
-35120 18018
-74972 -116739
54990 -3523
94251 -6137
63473 12300
21880 95274
30519 -67788
50442 82523
61232 17378
-56121 102418
59042 120321
53522 11782
-51447 50894
-88276 115710
64887 77058
67557 -121914
-51222 100495
22334 55136
106339 67863
91101 43526
-71781 94203
103419 -74517
24182 -63415
-8661 38202
-117826 -14805
-8546 98031
-10979 117974
119502 -35537
-63420 -78292
-71301 75681
113196 111861
2795 -13769
-117619 39779
27420 81832
-104345 -45041
-81226 87936
-36590 -100609
52276 12605
8612 12500
58938 -71030
-20472 -1451
-3700 31336
22982 -30690
85759 70736
33862 -90298
95248 -61192
-118892 66950
106537 -33604
57374 90893
-122150 -98897
57221 -31834
-5582 -114779
-19635 -32910
69937 17791
-6986 16249
-41178 100122
-33837 -81339
50059 40793
-6792 -89859
105773 58484
115182 18781
84098 -73979
-57643 -4140
77961 113113
-58867 122398
-95491 39555
123815 10680
41023 56086
41262 47446
-43854 -64314
