85
27487 -81401
118656 33711
-13267 -60069
-100222 -40240
75791 83329
113310 -5691
85315 45356
113522 78140
64455 13374
-101302 -42121
117231 10316
515 -7596
-24181 -88506
75267 -15300
90789 -81210
-83117 40524
106891 39849
57287 67724
5631 72358
119737 -5156
-73366 85914
55041 -72313
3517 -10412
-49701 -4194
-127982 100602
20620 90140
-93249 61964
107739 -44803
-33669 -18469
-52895 4972
124684 36312
84145 -94884
-78791 17646
45061 79998
23890 -75
123826 -45949
-119301 -108917
-130128 -117494
86759 105660
121271 -88188
74622 -7252
71894 18610
-111116 -119191
-14725 13444
103287 -40908
-444 -79895
-1404 52252
-61889 53563
-14759 79440
-68793 -118727
70890 -68148
-108723 40930
-34334 -99226
-63172 60830
-95084 -75762
-37403 -35187
129468 -107154
67581 -65846
-91457 122467
118295 -101126
109448 -56362
-121515 99567
-6612 -27420
92246 -65877
-44983 -67400
33725 -106249
-1858 85252
92903 46906
17410 33969
129070 -60569
-116278 -89699
105601 -98057
20587 -89771
1174 -115582
-117031 -11030
-23190 118375
-65793 102324
-355 76628
-18758 28142
-10423 -44540
125301 -35055
55091 57617
48360 13749
-84824 42016
-84943 -10404
