96
-60006 69057
-50346 -131261
81712 75521
86176 -70956
8850 -16984
-108381 -67378
-53334 90999
101560 -35157
-35775 -60143
-30950 69626
129647 44635
57052 68743
123868 -50114
-83890 52818
-108807 -133118
-111792 134536
4202 136059
5764 -134017
78327 106371
73467 56064
-34620 -57933
-119786 -101615
-125300 -71204
54925 -22313
3753 -40270
-90244 -95960
73902 -24892
-92188 134781
129121 55063
-87084 -97471
-99647 -128604
40426 67166
-84735 -125350
8968 -1185
72740 -87511
39004 -43724
-117557 18367
101333 -126203
-6581 -124040
-115773 -13342
131991 -73749
-96704 123482
76469 56602
-34025 108623
44060 -9756
-20193 -89056
31592 -36779
-129554 -101154
-134456 75098
65199 -128898
30816 74995
30000 14633
116332 -132691
-8250 -107352
-62883 50453
-49044 -35064
117295 115539
6073 113815
-135971 -56295
20078 -59401
42712 -37280
-73800 130481
-42483 -44876
-79599 30244
-46980 -117325
-92205 -114936
-45935 -121948
-4347 -50146
130646 -73860
-23715 74727
46204 71065
51365 103019
121709 101541
25385 131314
-137948 119235
37774 -79984
65892 -6461
16084 112104
-54004 -38155
52141 -115935
-60294 136328
44619 28797
109234 -25651
-130769 -2265
-116923 125483
-132172 -80943
-40237 -66606
25372 -133834
-32498 85141
41148 54188
-21136 63147
-104390 122362
130702 -109702
-35122 53124
-65220 -31154
-26007 -104535
