67
-78888 91619
-111091 -25896
39012 -4240
37080 84205
91351 -47480
41503 -112653
-67580 -21958
-45958 4105
-100772 -91733
30129 29449
-54436 -27396
-49680 -68244
91939 -71196
-83500 -73711
-82122 18334
-25758 -100878
-87524 2847
-89370 -69637
-113268 -38673
-10667 88146
31809 50989
-51273 -56466
-72774 52924
-20279 17448
-60168 50708
-90180 -93639
57073 27837
100634 35328
93054 -111681
-23916 15115
24899 -85768
77874 13142
46236 -14458
78870 -65987
18541 4321
76603 55625
10781 90712
104379 36208
103784 48927
14178 53146
-111301 4358
-27162 114097
-19446 -82556
81777 -44463
30768 44524
-96255 101921
45167 22256
94278 114157
32173 -111060
111362 64668
-7869 34045
-97646 -5046
45355 -7990
-109699 -90052
90094 3914
-77754 -16098
8623 56550
-72129 95335
-95963 32410
95763 -78363
78653 -31345
112129 -60041
-54756 55987
-57671 -37076
-81619 21929
1941 42273
-15105 93518
