58
56346 -74441
89314 -66900
-41345 -60821
52256 -1750
-4761 63131
-72150 102161
23000 51804
103770 76991
-92557 36153
71409 -95924
58466 -13009
-17411 71660
-12506 30862
-90892 -80478
-68779 -5043
24042 -92014
-39489 -105952
61950 -76122
-27665 96169
57888 -30979
77582 87513
-57223 53349
-85944 91994
-54140 1347
31625 -98812
-40580 107601
-90202 -33121
-49041 73002
96548 7852
-12029 -29401
65352 13809
87343 -34346
87749 -99943
-13571 75440
66102 98492
56346 71943
40259 -106433
88479 -100752
96905 2691
161 99851
-35741 48460
85157 64995
91684 -6340
-106932 35527
22175 -30892
56956 -98503
-106253 49813
103673 884
-50711 -56687
3677 17849
-5259 31737
-45638 104097
64629 -47089
87965 -16141
-22753 -94998
8848 37538
26069 14522
-89652 61325
