48
-86114 -7117
-66758 -66723
-38830 -29705
-97848 -76375
-28928 32777
42605 67604
90143 61006
-119 -48022
-67243 -96328
-44597 68428
-71947 5821
-44573 -41826
-68025 66203
74787 -17701
-69573 -77649
-14115 40523
-53801 85747
23326 37326
91015 18333
80301 -69889
-88101 -6364
-54154 -57976
50373 87037
59707 91814
-84994 84170
78309 -14904
-86065 8399
-17425 -22394
-69299 19035
-87037 -85140
50833 -14796
16328 25897
-62697 72932
55230 -64107
48090 62677
77251 10721
13194 -44065
-81248 -84116
-25169 40132
46725 -8153
-5830 57804
24017 16281
92879 -1209
33153 -8294
-91978 -3322
91985 59065
-37827 -15199
53141 -69321
