88
19020 130227
-78846 -29220
-102667 119845
-50504 -37213
-76029 33412
-86718 -91270
83766 -14546
-103244 -7147
-118240 85926
-124309 -22018
-26483 33877
63879 -16826
110392 -85734
-95048 -30999
39432 56179
-78056 13071
-110014 -68123
-81238 -21638
-36768 66195
107271 -28240
-56625 -129890
108341 -14849
-48018 -116362
39929 -22824
96798 38260
26969 38273
22741 -73159
7931 -23913
49016 66065
119300 -106313
-20816 108068
92872 -739
80539 -121814
-6966 65737
32958 -35430
99375 127384
-57884 -67202
113415 -5012
14395 3070
-67618 -130726
-58183 -8579
10478 66034
6594 -8925
-70688 117644
-2675 -17058
43769 -64725
-50967 63646
61888 -104145
20541 -96128
31555 -16647
-124576 -11135
30347 68797
-65295 -36008
69699 54649
32185 -52580
44111 108311
9425 21487
-72930 -39980
-124611 -41493
71583 -36547
-17702 -47097
-108003 86090
87434 129829
35282 -103548
-65073 -90028
43370 -91768
-12185 -66218
-131467 -57883
27477 84254
48555 -73373
-91519 -6136
27448 46316
62676 55415
17791 -22001
5912 26901
29086 -49313
109045 -125821
41450 -90569
43450 -29581
18288 47347
71005 117322
-117069 -79265
-8477 -8537
91611 120100
-124642 126607
43676 -99856
101072 -97222
127851 76819
