76
23194 -31629
101019 10932
40521 55486
-119172 46757
-69290 -295
-634 117271
69810 98941
78356 57120
100722 15395
104665 39588
-20350 122339
87589 36561
31130 28998
-29924 -94923
29803 110826
64793 110640
-69507 38352
95491 -110508
-80658 21410
-76044 26229
-67556 -53853
93970 -87976
-62875 -3726
110281 118804
20966 76875
-9190 83170
40421 43199
4999 56676
120958 22031
-53249 -48354
-84668 19908
16751 81008
-66013 -14767
56045 93962
30034 -10367
-1902 118534
-46980 108851
-25372 101120
-44185 64307
-100909 -109013
-78255 -3250
-27913 31711
5402 -42906
-98798 -69479
-99339 26084
95306 64875
12702 9101
18406 6547
-94472 61334
-110369 9103
-81259 -26489
-108543 -98769
-21907 -37710
76039 6465
84460 -113248
-93203 -74058
-98668 40912
-10737 -74431
-117805 112583
76412 -32293
-99257 106759
6346 45224
90179 7452
-66362 -104336
-120228 17216
-51821 -21633
-68976 6810
-119856 -63246
99556 -12991
26058 -121440
63687 76357
-67244 -106625
116286 -36445
-115740 71797
27844 -48466
-66830 -36428
