77
103687 -21218
-25887 -88360
-50670 -113048
52033 -41870
-64832 -20563
-86484 40514
123702 -88025
48077 -11321
-105292 21462
91313 -122999
-119223 97579
-61282 122447
-114512 -89961
108185 -34776
13207 90912
-107601 -68131
-55060 92684
-72909 -74149
-101968 -36197
18972 -97333
15055 -1264
14 112688
9492 -78289
-89726 -72540
-75547 -40526
-14499 -115622
-94276 -72965
-15757 89745
-48049 117150
13594 82631
71724 91690
10045 -109984
30958 79262
59552 22326
-42728 -83338
-77617 -71650
105759 -117135
-108937 120433
-5558 -15241
-78928 5554
120135 -71433
-106920 -102537
-11640 115479
115055 108084
50294 76256
11873 -17482
-27760 17477
-69655 -116465
-69251 -63380
95181 -36361
31449 10719
-53559 -110150
-62159 -85504
70577 -47266
12662 36619
123995 43196
40448 101259
-85227 -47421
87919 23809
76309 50570
50725 11694
117708 49888
-10002 -95469
-104221 -80614
-34799 -13055
-8786 47683
-59810 -11238
114689 44914
-41942 -9610
16991 -43077
-22978 -70127
-33531 41389
119384 -97287
56637 41844
67077 71739
17131 -95655
34667 -3640
