46
38095 -79435
86890 85168
-52977 49358
-82874 -28463
-72703 80970
69732 86435
-9755 -58158
64415 33242
22386 -49037
-56933 89068
-40583 34183
71357 -49428
46678 88635
41587 8028
47158 55266
93600 29994
-83234 -71766
-18045 33001
-22826 -34998
81079 60703
-4965 -21425
-89807 18505
-42894 81896
-1995 81168
-32647 -44485
-47757 -17902
89491 18126
-4912 78915
49636 -66098
67721 -17108
10728 85973
30486 5189
18463 74386
35545 -10046
-79109 68497
-57629 -33940
-91299 -61929
-52948 89221
-11628 86345
17300 43759
10120 -66227
-10960 90245
24941 75760
92727 38355
87494 -49275
-68067 43088
