65
-66041 5897
-82457 -18835
110369 -65116
-43554 -79141
8195 -74361
111861 -48160
-63029 26477
35174 12933
-77409 33511
-66172 -52765
34606 86202
-79169 -57226
66972 -45382
-82904 73311
-16888 -51767
-7301 -83882
43564 38817
69337 3302
66608 25181
-33642 -51426
104395 39479
57056 -16216
-27570 28599
-98970 57970
102828 73328
43906 -34896
71290 -90045
9435 -84879
98399 73100
97653 -97405
-22442 -30552
25938 38958
-112278 -27048
-50661 68522
6672 -98797
-96236 67175
-87947 -7202
-64454 -66011
-103743 35806
74786 112062
109655 14524
-18734 -101505
58160 -56366
-29097 101375
-97714 53874
-65976 93382
-8079 -20431
91056 47972
56711 66734
-69636 -93982
-56893 -12341
-5921 4629
44116 83176
-56621 -75283
31493 -84708
22154 -28230
-68010 -107780
-6828 -108564
-61982 26312
69167 -38228
-60513 46168
73037 -32055
25055 -44402
-22765 -55800
-55923 71752
