84
-110865 31531
-28703 -61707
59728 3012
52036 -124925
54296 -84637
-8708 -71099
55724 113374
25069 23661
83893 65980
69544 -36932
-31226 100120
-105356 111395
23138 77818
-17386 -4223
-86675 84821
-84211 40238
-57317 122482
44480 15619
83948 76110
-107581 3032
-105335 98164
108613 74680
55027 113556
-55625 117326
-101857 -49588
-78546 27703
-26001 -118387
-8716 -113392
80850 6939
88131 112155
42799 -35157
-34515 95776
-80368 27153
77851 34173
-64446 57821
73359 -120899
46461 -10311
101564 64648
-59655 -74446
28449 15312
-62260 20838
-61470 -114599
27937 -119317
42378 -113582
77876 11702
-92251 -118582
87660 -22191
-35992 26899
-75207 15632
81710 72482
50506 114612
10073 117488
5753 59343
41309 53545
77708 44973
-940 -76445
-49382 74879
46524 -59208
121058 -72779
39464 -62224
96869 -15204
73651 99643
-93997 67976
-38692 -78543
119155 -45605
-17588 -82146
37653 63779
-67200 -53805
28932 47220
-60831 26445
108275 -84162
104867 37905
85296 -67003
55835 5560
-34442 -39935
-23172 -46973
18334 -107186
125981 31897
107049 -6952
26448 -66245
18870 86779
-106681 -45396
99715 -62316
-49868 -76570
