50
76317 82928
68775 21078
-90288 -14228
-87344 -13458
-34747 -68549
-93620 41333
77530 1266
-52797 55273
551 -69934
-89276 49392
-67465 59546
15373 -17202
-24714 -768
-96912 -45946
-83807 98061
40712 -25939
-99039 -31073
-91773 -32144
-4567 84260
-13856 68771
-29492 -10107
-27919 -31323
-32870 -60762
95793 84805
-54757 89717
-63094 -20014
94400 47114
45457 96226
-89450 -35515
-55521 23329
8834 98490
89887 -6512
89597 -95990
83906 51236
-61474 -23231
68924 32350
61887 -80542
-98075 -8937
62801 -59676
25720 -52769
47619 -94459
75121 -4182
-80006 95851
-77165 -31506
54267 -77250
968 -18658
-97429 -22734
-54678 -42545
99758 13637
-83875 63404
