54
-35411 -21506
36233 -59789
-12974 -100034
-90336 -75082
36139 -81140
-27533 100853
72357 -38655
-56732 -101820
-7906 -57394
89185 -38324
-65990 -56404
57689 -39337
20637 4332
64177 30428
-85424 92940
-82735 -50204
-73993 8101
-87723 -7583
-67664 60475
46861 -47047
95780 82284
8590 -29774
-95395 68281
8851 -102905
-44762 -58319
-53387 22447
-80606 -61849
12592 -100181
76093 35483
19263 -18265
67570 -37930
18390 -13645
64936 -40486
-44976 -15236
19923 54979
-68541 -97766
-82847 27875
-44065 79983
31441 34029
91986 99953
83065 -66873
6094 25321
95584 20344
101031 -79674
75970 -4301
-11676 28797
39996 -65948
-97127 -19844
-88285 -44528
63716 -35143
-46751 -32726
-29254 -61303
12302 -28507
-102269 7382
