90
58294 20439
50679 112749
16224 -85216
93004 -62197
56606 120337
-81745 -103832
-129373 -111291
-49191 -132708
6329 26566
-83468 -42723
2570 -105532
-105429 -59656
-77346 49135
-13141 -635
106081 11384
25467 106281
9710 -54214
51064 -131431
-58719 20479
50437 -56271
-103895 2898
110303 -87718
-61650 -114714
-106429 83498
25490 -130806
-65189 109914
-2568 -115310
-108563 -40787
-24211 27127
103275 55461
23204 -12586
86771 -113718
81063 48488
58109 -51964
69632 -84191
51079 -65752
-81281 -122087
65823 -71531
116504 -99731
18778 -127199
52681 -117641
-13754 -110767
-104366 3650
80766 -42337
-35422 -83256
-14205 -11253
-72411 -16500
48020 101895
134 -49700
131054 -109771
131688 -85439
-95467 94996
-43716 3516
-105801 -34034
-77753 581
-26754 -61796
126806 21512
-69547 -128823
72032 24497
47662 5597
88990 -96909
-64326 70464
-44983 118947
28013 34984
39553 12185
-74384 108554
100665 -112493
-18692 -32389
106648 -100561
4389 -121226
58411 -111186
18098 99930
6651 -12370
6211 -87963
75684 23494
118739 26231
-100579 -31358
-35776 -32119
53633 -51887
-83775 95318
73524 275
-71309 -42121
118540 102198
126834 -6168
-4995 -94153
53332 -60568
104198 -61811
-73460 44135
-1290 -66755
126827 67443
