63
-94085 -87049
-73993 101039
98425 21020
-61324 -64786
193 86354
77133 -106451
90087 -63443
84243 -46749
66289 -51729
-61722 -68636
38655 -83763
-51587 70498
-66804 83478
-40740 -97766
-45117 85676
-72877 -66959
85315 61382
47297 1336
-17760 -83120
57141 -64685
2154 73828
-23476 -23491
-55013 -28450
74934 102634
-5974 19104
-48198 4938
50720 40282
-13895 28219
71539 -65262
95018 53622
-41140 -37747
32178 107245
-103108 69926
-75275 73011
18666 -14651
91820 89679
-101102 54389
27386 65898
42683 -27276
25861 28502
48591 4573
-6595 -106142
-104684 22283
101840 -11468
-96675 28083
98300 -4207
-29966 74004
89230 83994
23541 -30474
69665 49178
-98726 22231
-81406 111517
3286 -17293
36898 -85737
28642 -9187
84251 -1159
-48188 61636
46521 35727
-45161 -68872
27608 7800
-15171 27531
-103264 -109784
48101 -50738
