43
-26613 8120
-20249 -20280
-89051 6549
55362 76277
62743 34506
-85543 -81003
-34579 63509
77930 -37364
11515 -7340
-34086 -41454
-56958 -61090
-23733 31751
-10072 86673
-15160 83859
-57980 -45812
-20178 51006
52781 75978
-29656 20073
36902 -6911
-14167 29565
-28788 -50579
-76044 -19243
-26405 -63720
7649 -75962
-28084 1211
30881 7146
83325 -19704
70184 55135
91472 52881
-46303 -2397
72813 68850
65707 62907
75987 53170
18490 1115
35045 -10436
-78089 -10946
-72570 -40327
29141 -91879
39782 88902
-39885 -16417
-5054 14086
38218 5467
-30553 -77561
