56
-28482 -61602
-10273 71046
-51496 -35149
46078 -29200
-70762 95087
-83832 66
103581 -74250
88754 83947
48945 -48849
-51380 -18407
217 66304
-84621 -99542
8685 -67492
-22433 -27375
-57426 69376
-48239 19504
4704 -27864
5164 -77066
-34666 -97196
-43021 57960
-92081 43981
-29557 78583
19264 65468
-90271 -104996
31082 102658
76845 -4412
43619 -34645
38476 -72421
-23365 37590
52339 8547
-43397 5990
27731 -76760
-19865 -72775
-7960 -512
-65753 -9492
73719 -10567
-5964 71734
100392 -46543
44683 -80245
7320 90420
66193 2206
22122 52723
25885 -69297
-57307 -15622
22679 18559
9961 -53536
-45395 18934
94702 -22519
-8277 71
48675 19004
13519 -64037
-31358 -1331
37757 -70388
-49471 -43673
22331 81795
-55704 -102393
