79
-10063 -42542
99850 47547
107147 32765
116284 110034
-94006 -57397
-91704 -88197
14644 -97407
-83384 -39809
-53643 -36326
79980 123748
32131 51807
-9074 50765
4818 55004
-99875 5895
-69017 -91252
648 3975
81901 567
-10939 -48976
-66557 21235
94477 -63302
-76988 -31774
-78536 27199
104828 26782
-38867 124033
26265 124778
-12657 59700
-60604 40831
76013 82920
95578 -96301
35856 -53669
124376 -48369
-53478 -15153
-108408 121167
-103277 270
-40075 -59239
34998 -45337
-81440 116819
33938 -26230
-14823 29148
34513 18142
-51170 17001
101222 -90664
-29642 -31800
94443 35766
2666 84950
83231 52698
-15865 32385
94913 87754
109368 14778
-56822 116571
-17093 -102385
-61641 -121301
74272 60338
-124874 -114969
-65233 -73842
-55976 -41665
-6324 97126
-47869 -23622
-47341 -82427
-99588 -49520
43185 44166
18781 18025
39534 -123482
-39176 21438
-16198 -116501
82060 -75266
-100835 101459
-73451 -12694
49278 112620
-94906 111928
22794 -22259
-14208 85916
-10091 79211
-122617 34939
-43155 -69858
67724 69031
109888 -91885
-24997 119395
56105 24416
