45
-88612 -72676
29499 -63321
8927 -73746
-49882 14122
15450 -17495
-38958 81221
85576 58434
-32791 65326
-68840 62529
23747 63043
-40065 89037
-36829 52088
-21299 -51989
-34188 -24611
-23407 42846
47205 74668
20869 -43473
63499 -71665
-15781 -23400
-66582 19747
70619 86411
-35564 50760
-43440 68384
81688 65557
-64403 -26993
-49365 64093
-79213 5998
94197 80292
-29111 -77368
83610 20021
-3832 -20143
-58210 -50893
83671 70912
2964 -59564
-72835 -76423
-6965 -80739
-1167 -53695
-3631 -780
76549 -77744
58804 -87079
-93789 -71387
-27844 -29372
-1216 9536
-58672 -20855
-55810 15358
