82
-116621 38702
26502 -98096
120240 106157
127857 -108557
117876 63882
29517 -27398
-50824 109035
-83402 -39198
34335 -15340
-121692 76338
45000 -67934
8677 -121616
120885 -60771
102125 -11867
-38603 102158
78846 119777
-51880 62854
70507 -121126
-15058 121441
-81730 26467
-125175 115235
-86535 -96240
-15514 -69776
81149 -102814
64322 5039
-25858 484
-102761 83542
62895 -12836
-15503 -5592
119910 -37159
81438 -88703
-6080 36466
-78872 112470
64617 16611
4549 94385
57723 -26026
117412 -112896
50302 -109702
21614 -68612
54344 -89708
-40397 -41086
30138 -118236
-7567 -7630
97598 102819
75407 18679
-65016 -92586
18903 -6184
-82288 -118859
-84938 -95317
-53875 60947
-14349 81910
-61280 98790
-96659 26940
116200 78310
-85807 -112459
9101 7340
-58623 122174
67736 96212
1576 19483
-40915 -68783
-44504 100617
90754 55458
-32653 56701
21105 74760
44736 23723
56795 29589
127124 -17977
-94689 -6314
46025 85946
91438 -116677
60607 63657
42891 -95865
49186 70551
12724 -87033
-106958 -14709
-125094 -103716
30459 77507
588 -104969
127049 14901
49138 80627
-55868 -16362
-30970 -33211
