75
-93792 30010
-47875 107371
-53623 -82129
-25789 99973
-3981 -31097
-110357 -4906
44613 -45728
68936 28354
-7987 -54580
5598 120966
37608 49605
-110306 -1810
-11999 -92288
69247 9473
113583 37007
-90320 -32807
-17400 -58183
116676 -93041
-39475 64336
31587 -28613
-9167 77635
-42347 69580
11476 -33489
91170 34946
-72167 -92213
66406 -4188
64834 -103128
99487 -96401
14145 -22589
6161 -71435
86974 -43000
-28870 23860
96486 -93783
61780 93937
-48654 -71045
116273 110680
109832 -108516
-112663 14733
-34777 -85283
-23154 -111674
-22807 -12984
-8269 6366
73253 87672
-83657 -89726
-69863 83837
110913 16224
55449 -94202
70812 -73360
114452 -106223
-11338 24374
7448 91824
-89396 -76554
3849 -110243
-48743 -112801
55261 3093
-2778 -57802
-54184 67661
47472 -93030
-70773 82933
51448 75860
-99103 -22149
-112643 -38246
-32116 -7628
-22072 -632
-91567 40208
41267 81039
4639 -8386
58427 -58510
-77559 -79661
-90382 16725
-40428 -60388
-78756 88169
80083 78257
37197 -76287
75143 27583
