52
-77884 -41059
-66882 38400
87009 70696
97006 -29381
86395 6583
1726 8072
94812 -76127
-11649 29644
-84543 82483
-78120 69939
73230 12834
2060 18112
22785 -98919
-16111 -48809
66312 -57498
22246 5466
-59539 95025
91364 21463
-92007 -99431
-44877 -49113
-59265 100115
52968 25488
-92391 -39055
34297 42725
55077 -90955
-101625 -82175
39985 -89934
51015 -44214
66350 39842
-76403 -34366
-90805 96762
-31307 43629
-19217 63689
-84514 95970
81365 66513
59019 -59065
-65080 71795
-43950 -87255
-85472 -42548
89216 57427
75553 75073
-21465 -18439
-6488 -36171
18725 -5157
80689 64473
8708 -98488
4144 -46309
956 -75691
13164 24429
62193 -48244
62283 59826
-25201 88626
