44
-58574 20272
-16845 58063
-59756 13440
-69774 -86621
89105 59127
-42348 -17050
-17936 -11310
-33386 84110
-50081 -70319
7193 75971
-66022 19963
54572 21720
66587 68383
-52344 -43997
-51279 -48158
22506 681
-45503 -68152
36571 52624
-50613 38780
-30764 -90237
9822 -63314
-81064 -38077
-73439 89139
5397 27363
60301 -52778
-51064 84223
34078 30130
-37983 -40813
49210 -83473
-18421 91772
25464 -46411
83772 -37062
31972 -8028
-63246 -16783
-71410 -74198
-40172 -28222
-38905 -64567
5228 -15063
-43571 -50570
-66390 -23660
-47328 -55679
22806 83337
88911 -10243
3144 -11386
