77
105695 35606
94911 66890
50757 -25868
70346 54893
30791 59162
29866 119723
-28060 -120232
-8576 59336
-120689 78927
-89177 79387
46416 114953
-59198 -64769
69125 99261
43385 -57045
-123944 53611
-107011 55641
-45910 -111069
-92281 -89969
-84360 -90899
-46700 112125
-93130 -120230
10262 83941
2114 71963
45263 -81865
42172 96772
124070 59866
77208 59262
-58311 8244
53067 6631
38686 -104249
4984 -13741
-33899 6370
13962 -94616
28841 35253
-33590 -65084
-24328 -26585
74063 -104165
-102174 33066
-106060 36164
18886 31162
19027 -47211
10119 15834
69515 17962
-79640 90946
109290 -116132
35851 -71151
47130 104498
-115718 -56443
75527 23052
-83896 -37212
-98180 -87009
-42685 66122
-9076 -120720
16013 -68418
-96182 121382
62294 -98832
-93893 80442
109803 -23653
-64727 -50440
88870 -119499
19438 -5785
-52291 92895
69831 -59394
22089 11661
-23862 38765
-95964 18603
51137 -33878
108780 -52742
115809 -98692
45081 120183
-58982 94832
104390 119621
75395 51535
70483 -107307
-85144 -81626
-51685 -25150
73038 82448
