100
-84341 67428
-76164 -14116
61382 33698
-135992 -95916
-126432 -110931
7536 -21539
111165 109975
-100339 -29059
130398 70114
-62462 92937
59362 -65982
15570 58969
62065 53603
106324 94749
105446 6493
-689 -74266
-133765 27816
-115298 -37955
73420 -26433
-115744 124536
118907 -85152
-106487 89311
54250 -122573
52023 77596
-132145 118331
7010 -140169
54172 62980
-107976 30425
-3990 -135023
86428 -2982
13478 -356
79823 -47032
62421 73212
135052 8093
-342 -20271
-22873 104233
83965 -39478
100898 6242
36863 91901
-34054 139669
133016 99948
-139152 41780
-112429 119058
-1480 24711
114584 109585
19111 92180
58481 1935
43701 115553
108270 -63543
111766 -53021
141338 -81535
45802 59797
78023 94317
-118797 -63989
-100274 114562
13762 -12712
20183 -10734
-115112 22380
657 -60713
108890 -92569
-101292 -40845
-55601 10205
32346 -1900
67830 12364
-15698 98699
-93049 119447
84067 114352
38521 -8315
89936 -4343
-8816 4427
-13802 58997
-67008 126078
-126674 54839
-132399 40497
31897 57057
-64625 60540
-134972 -81314
108166 68095
-131548 65713
-131613 -90053
133577 -66862
84754 31281
36574 -45482
47230 88615
101571 91242
57638 118043
-35169 -108559
99220 58497
30367 30739
15793 133422
-122438 93705
106959 66988
14928 98883
117276 29689
14186 22287
-36038 96125
-61829 131165
-59086 -99991
133199 -127407
29387 -91845
