47
-59260 56426
75192 -79575
4021 -34165
-56168 90254
29398 -53837
24259 -65920
-93772 45414
-78208 -40785
-57940 81948
4872 -73476
45817 -64611
52054 85206
21456 -22438
1622 -12345
-88553 -56389
-92646 -30279
-53691 -72308
-29981 -572
-92311 -16934
-67749 -72538
57907 -2545
2681 84795
-41108 -71104
-80157 -92196
-40092 79357
85573 18110
-6695 67315
69123 -13908
57949 32872
-31574 7046
-66068 -71838
24852 18933
-60055 -34536
-25618 -21231
74237 -87120
-41022 86653
10499 19187
-75519 33559
76957 32626
-26613 81766
57157 -52120
-76401 -79576
-57211 37168
54910 -31969
7978 -61497
1945 80898
-49832 32158
