72
-40595 72165
107506 -52392
22523 10939
63608 48509
-96866 -97139
6115 -91386
-116985 78113
-12679 87244
111790 68309
-71689 15313
-80523 89905
-102135 -71984
39295 -118370
-37249 48818
-80187 84106
91300 -117337
-32773 16836
-114317 -83228
-72615 106476
40839 75926
106741 -101036
88730 49550
-114500 -110677
105824 83206
101205 -89527
-29498 71259
85899 -26264
42362 28164
-53731 56732
-5563 -65965
67230 71657
-66570 102920
117397 38071
-71645 108065
4964 -57425
51653 -10132
70281 53109
-51678 -91917
-85657 -105311
108348 75535
-25159 -75908
18417 -84317
-36894 -52871
93004 40696
91779 10616
-78230 42317
70182 -84790
-34273 61541
-8008 -117236
-106762 -103299
118569 -99424
65371 81911
-24099 -82144
-60358 -103077
99856 -71003
37797 111197
102621 19955
-45003 -19597
-66079 -65475
54690 -72556
102044 106693
89322 -16132
-105522 -8036
28382 4909
-78328 80092
-9920 53175
-43674 -65770
-85453 -82520
46581 93178
-78043 -27051
119042 -41938
106802 84032
