55
-74899 -57881
83192 -50428
7626 -22729
31309 -52521
-69726 -54923
78597 -58333
-27354 -102802
82926 -23275
-104165 88126
-26792 29709
7601 100328
65441 -98973
-14840 99649
35834 -88351
-102156 -41660
-71851 70159
75747 52888
-30364 -100431
-46905 -31390
34211 59818
-63732 21348
5054 -37809
-66871 -54300
-75956 12488
61940 -45753
-70987 -16239
83845 51260
44265 -48030
-92523 17918
-102220 59697
-9833 -65906
27713 20380
47374 -5067
94388 67269
-17029 -27890
56987 -87437
-101707 35160
91033 -85182
-73519 33121
8469 56874
83395 67217
103119 -51758
86245 -100582
-20459 -35312
53059 93954
103910 -98777
-26032 18568
-4354 51252
-87671 42129
-55016 -86326
94211 -95716
-103940 -87345
27091 -70549
14126 -4507
59106 -22030
