79
76537 1162
100479 79348
27983 -102100
-108943 36867
-12480 75535
-110792 34965
-111028 -8975
91985 6127
-5533 -89123
-120044 106515
-73435 -91871
-61628 102342
13225 63756
57861 100541
-117442 27554
-32878 -98745
-14342 -61380
-55853 58790
-28877 -26873
59653 -67222
98850 -66225
58525 -34725
-31648 81248
87611 -26464
-9340 -13580
39149 124259
-92646 122939
100364 105180
-34623 -6784
82247 -58213
-30816 -74187
114634 -29653
-79686 102589
109157 53656
-97901 84718
79628 101302
12287 88586
77245 -91023
-108010 -48248
76369 95264
-87416 26272
-60710 -92184
-72988 -98311
42005 -117756
-62455 12287
-5337 97644
-50332 -22307
98130 -22339
62543 65927
-22068 -108662
-74173 -109025
-85076 -41617
99261 -83398
34342 101127
69290 103644
67239 47060
9503 -57001
-97329 -94857
93539 70829
50517 47570
-115269 -88604
16298 39145
116329 104515
77237 -25469
85003 79324
91848 29118
-123806 -91429
-84145 107662
-80504 70629
77890 -4634
-107665 -45849
57653 -65515
74179 117338
-7496 -45893
98827 103504
49891 -99922
-77545 -97441
24912 -22114
5140 -15272
