52
-66771 25632
52598 -43784
-709 85039
15915 -83143
64085 -5282
46744 97663
-4075 -12157
61542 95839
-46200 98723
-9226 -26707
87436 79845
47124 -60058
-98634 -63851
92730 -47048
-43847 9128
-16616 -96158
-58017 50188
15162 52696
-23007 4867
-5204 -44690
-30516 99559
-11445 82428
-23353 52198
-74762 -73666
653 -82499
95939 -88211
45915 -82587
34933 -10266
-79140 -101254
36410 40608
21385 -32018
-97233 18799
-20179 -13248
-30895 29960
-38366 69344
32857 -88939
-24700 27211
-81575 97195
-39537 -89757
-62131 20133
35122 -10570
67769 -94244
83673 94540
24748 98799
100466 58919
17647 48962
27829 37359
-68832 -28811
87537 30501
-495 94288
9018 6589
-33419 10871
