58
72286 50961
-55723 -5267
-102989 74280
-50608 19556
50343 -69039
57959 -105176
86762 61697
-71184 27707
49123 48814
-77387 -90001
78628 36391
66201 24693
82020 -40767
7208 56315
-76856 35213
65476 -20449
35873 -97070
-10891 -12780
101316 84070
99759 8153
36532 104597
-53975 62639
-74011 -65478
52676 10537
-22322 -55288
-65375 -60747
-62666 93211
67199 -33274
68378 46165
-71189 -23276
73947 77843
53648 -24228
-44717 -2878
37888 54112
-76203 51283
-20873 -16041
-73658 54254
83048 -83319
45672 -34724
64763 -46480
-68539 -18530
76399 -39318
6044 -33010
-51803 -82648
-16969 -65517
-81453 -1701
65292 -91166
22164 -31348
53877 31476
68840 38058
-42561 -45354
9479 -78371
85022 -42182
97646 -102152
46195 -34063
95566 -90397
-81583 -31061
-92090 64487
