59
45178 49971
86595 100640
44247 15767
55000 34803
108602 23270
-43956 70864
52164 71116
78499 -93215
42736 -38144
55700 -65650
80434 47745
41555 -56924
-60330 -39465
-64557 27956
107955 50799
-77936 -105909
40062 75060
92821 94192
88378 75626
47295 61235
-64860 28262
69808 12146
-58 -64166
-32289 80406
-34803 16252
24179 -59331
60083 88260
13087 -40747
53020 44151
65250 -14661
-47736 -53888
-73886 26355
6802 -33038
16324 -62240
96197 -97149
56829 2864
-96001 21204
101291 92568
54988 -23973
96274 -14373
59385 -58761
-26978 40817
25186 105765
-28334 -38950
-65414 -54317
-66784 42067
-71069 -5443
26895 73968
-1369 -73113
54769 59232
25413 -8387
-89746 10887
-6245 88016
28870 -71687
52100 -94220
82199 -13036
34186 73002
-54364 101037
11118 29984
