73
-111356 -23116
-39477 -80310
-89705 61602
27700 -75734
-35013 35763
52667 -49245
49007 -63522
-62852 114549
-24018 83093
-116807 -56390
-61190 -73741
85786 -61267
6260 82743
-56476 -21313
79923 -41024
11965 53511
95008 -100211
-105070 6119
33686 74452
43275 70407
1787 67890
-14292 5040
110303 -116713
2419 117852
-8947 91494
63433 -54413
108652 -25684
-110436 16722
-26517 -3426
-13099 -53683
-90813 101158
-104934 -31948
-32078 70646
38006 14034
-44027 46350
-33772 92593
-90299 25987
-28678 119408
-62883 -83320
-106136 -22662
72914 -55215
71571 -110002
-74996 -37398
120255 -115872
-68568 81470
51710 119279
28358 39806
93626 -26322
-97890 93847
2930 -78211
84127 84319
-16732 71657
16604 6428
79879 -74788
-101853 -48024
-109941 12251
-93848 -105270
-37910 -109879
-52236 -34727
-113596 -116450
-106410 -116120
-34572 -102528
-67695 78462
-52844 41544
-45485 5564
-36568 26770
-56462 58974
-92009 105390
81066 -18441
-47965 107894
22131 -82727
-59282 -109841
-91989 47073
