83
-30662 121400
-74634 -7445
-45237 51930
3766 -67558
56321 -99648
15536 -58355
-105164 123548
-51230 22549
100297 60928
91579 -42075
-46867 -128231
84234 116114
62912 -105253
89415 -122503
-78372 21609
-33132 64861
-95576 34905
21358 -33102
11987 -86017
102977 -14102
-27189 -114913
59668 -76982
9921 47126
22861 -6661
-64125 -14443
126971 -76590
-88365 -27359
-44304 12447
-70954 59128
62103 -9410
-107116 -72102
-99761 7043
41413 82066
-69155 -122567
-112411 3359
-49746 35735
105936 92088
80826 -128561
-59272 -72168
-24188 -22310
-128784 -69022
-14022 117466
-22629 38579
-4696 98697
7608 9426
127456 57598
-48254 47897
16285 -47153
-124111 29988
119090 84452
121157 -96397
26527 -62107
-66883 87926
-126975 -115590
65310 108033
9508 41626
91442 -93823
33126 -91491
81560 31084
126467 12372
10626 104201
46639 -116106
29042 -34216
-99074 -77629
-111584 41943
-68978 106899
127617 22287
106455 -20545
3864 -42380
-21445 -53326
89225 50348
57243 52069
27688 20697
-117835 52868
30899 -127282
14994 -80544
-49511 -49146
-126378 104373
96943 15904
35161 -65441
-87854 71717
-66919 56959
40339 43198
