100
-138720 -98152
59537 59330
-60232 -51758
17822 -1234
-115742 130448
57723 -139862
12318 49262
-51619 -50908
-91472 -61637
-61693 19452
113448 -94069
-5384 -40235
132241 53450
54442 -63251
70526 -11542
-23824 10236
37637 108295
-36446 53315
-106714 -84245
90313 125202
16249 64517
-14387 12845
39596 29387
86203 -93102
-61549 -5625
-75881 31510
114307 38584
-98411 -116826
99837 60990
103626 -69756
101727 138421
87009 139014
76262 82148
136443 134036
74463 40083
-21423 107414
71596 -73919
-6441 -106235
-65128 11631
-33533 -42463
-14373 -108659
-70543 41791
-85909 -86160
-85841 9689
133949 -78994
-135581 24564
-102946 -26386
108404 -94955
20043 114245
-83107 2692
-135365 -43379
129811 75398
127690 -135709
-41960 27892
-101531 69892
-32970 87015
-128507 -133550
-73051 -11535
106518 109852
27795 27735
94698 -30876
2089 -3316
119830 -11086
50760 1231
-6655 -4022
6653 -99082
-46786 27762
87505 29055
-51739 65932
-137675 101928
-31152 -54353
125083 -130680
132763 -105486
139694 18361
-58894 77788
88936 73465
-5663 83767
-10225 104943
18610 -102134
121023 -50100
20144 7132
139101 43719
135832 -77354
-122372 -126485
-123754 -37794
-86734 134630
-9116 7904
127045 -117310
-7643 -39863
7535 -49353
-31133 -106724
50390 57629
-13538 9003
-4840 -37872
-112277 25314
-90666 -89452
70050 50914
102668 84558
97951 59968
44677 49688
