48
-66903 -51461
55709 -13781
-95541 -40206
86178 89478
33229 -39878
-61584 4368
54131 36326
-31831 50563
35156 -69158
2981 22175
-50619 5241
62289 -64225
-29759 -91544
19187 -40548
30801 -3864
-65025 -14228
-74875 -26530
-55865 -63601
75003 -54704
94832 -65884
92260 43994
11654 84270
-10862 72309
-39497 -23529
48835 -18723
84280 95303
-39759 -91114
29903 -79620
-41314 39253
93193 75168
79675 36505
-46345 -14030
-34688 33165
-80295 -77373
-58235 34952
-92822 26932
-6847 75665
-770 -11420
-14768 3879
39922 59816
-14536 86333
90980 21885
-44998 -97205
-90389 46760
48145 58393
29079 29377
45566 85497
-27639 -24056
