97
15782 47004
105016 99045
56251 -84361
-22386 -93929
-122718 -22812
-71989 36377
112213 -35436
-92024 -109073
-130525 127538
-88951 69718
57830 86563
-1142 119624
-89213 -124729
59043 -112564
79344 -16871
-96542 135197
8470 89958
-84488 -103320
-17303 -9171
38611 -39632
83007 124155
-14943 -134858
-77686 16921
117769 -49538
132968 58407
-96135 -81082
-118542 84939
-127614 -131813
-94175 -36849
-80223 27125
-32539 94306
-43830 -83296
-72089 67630
67479 73230
16512 -129443
92943 -95900
-16272 -20837
13599 -79886
79740 31068
-41234 -108463
115596 102190
-84138 53129
83566 81185
19835 132562
-91521 35564
60651 -46704
-107670 -8023
-67335 84318
-131747 -77859
-134408 65344
-68014 -751
14914 94008
-96997 131658
-138157 -45692
-81948 101749
102474 44995
11908 18293
81550 -115491
62540 -96188
132214 -83331
-399 -76074
79943 -71631
-41884 -116705
-85667 2115
18713 -13538
15439 -111398
63290 -85881
85938 -89575
63101 -72848
34820 -120743
-135975 128178
-27568 108941
-27784 128287
-59049 -25842
-70180 70703
89878 10421
-86066 -102159
92960 -51234
-38788 -104934
-37192 80427
100293 126516
-134235 -5577
-106977 83566
31813 -130369
-117088 -4602
70690 72537
-47185 90807
58108 -39901
62477 -92530
-22740 66223
-138460 -8837
12870 134832
-83563 100588
7387 48104
32551 -66659
77976 138113
-6507 -94708
