86
-120251 44232
9916 34160
99619 -113625
123635 73368
56254 -45310
-81884 -106680
92211 -32790
-36794 64663
32474 -21776
-111436 37238
48420 -6560
26044 -77336
-75858 19704
5521 81866
-101321 -7012
60503 -61509
129621 -18126
-28961 95673
43794 -67510
-86237 7719
87500 22537
113714 -37
-1574 -96873
-15772 -122828
71431 83823
-15587 -85126
125135 -3951
88560 111950
69976 -98699
-5172 -118560
81077 128099
22336 60712
-94525 1062
126079 93938
56749 108275
127371 129973
-39278 103851
-81982 102444
-106707 -41107
-104194 130447
8428 96504
99779 -118045
-3621 50545
-50693 -96556
95449 55789
41806 118733
30336 128385
10856 -124214
-13179 93364
-52894 -11585
-36012 -102050
105835 -113857
-20698 -116841
66360 -105465
-126077 127983
3764 23633
1019 -49702
-14660 -29868
-102304 12072
-120736 -67644
30411 52561
74923 120347
113288 -8020
-95892 -127989
-76389 28379
-103040 62587
-101584 29392
89 14779
-125672 100353
119905 -54548
-13458 122007
4032 -116719
-34870 78100
-26968 511
-48131 -88919
33241 68993
121276 -852
90611 -5472
-127059 -31511
-72873 -114883
69353 -62021
-31230 -122937
100517 78900
-53941 62706
1745 4027
-67698 -114080
