92
47743 -129264
53682 -135536
-41383 -36117
-81575 23428
-78245 105171
-130910 -987
-31354 -32421
101576 9105
-23014 -124693
-5587 -70863
-48858 -101903
-99442 127795
-619 14519
-103447 107122
81193 8904
-112298 36446
55468 -61159
33389 -121993
-26638 91435
94852 -121454
12004 -10347
114026 72881
-127916 -92172
121442 21717
-118321 -22911
31641 -8587
-118322 90960
-76543 41143
87347 -100944
-72300 113708
59329 28084
125421 69025
118469 -114869
-53173 106628
-106607 -134327
-30748 -37703
-37034 -124040
105749 -118210
-26749 -126545
25955 25697
20448 -50968
-123887 124449
60220 28106
100658 -47624
39667 -116103
20524 30993
120471 -127024
125096 -108127
61162 -63556
126613 -89460
-76818 -15277
-2356 -40066
-79499 -115208
25047 -80206
39584 719
30362 21940
86006 -11308
-95167 -27483
-95845 122168
-104211 -109305
-95960 -99891
-133201 59948
115922 -82627
35262 109153
5369 111095
64545 83971
-45729 26662
15995 91014
81731 -30006
111142 120907
115030 90863
36086 -105710
-63278 -68757
54744 55033
-17801 46414
-4461 -133841
-96503 82764
36117 -71870
-61901 -61912
73331 -86727
-105062 38426
-6140 96437
-35616 79613
130965 61039
46397 -105784
-45035 -24731
22415 46944
113434 -46749
-109219 -134814
3383 82622
35965 101040
-21096 -109027
