71
108296 -13236
44216 -106610
96917 108027
11154 -82045
-58350 -112484
59768 22622
-48006 -90126
-75733 -14530
31585 1519
-74923 75971
-89757 -82246
-62477 112704
-98833 28203
67879 7024
102278 -40591
108 67681
75934 112401
113310 -84566
-33437 -107040
-109684 -108126
1598 -41808
44244 -2335
47179 83595
13087 70903
-22558 97263
47777 -115043
-98394 69725
-104938 -82506
13003 -93655
-71562 17376
76509 -67257
69175 -31680
5904 -69146
-97533 -43817
-81344 78482
21532 -23349
-114886 18940
14930 26962
91822 -100395
103569 28386
-90537 -46050
-36536 108268
101236 71820
77078 22992
76137 54066
5561 -37435
-110500 77805
-101490 108199
8651 113839
-83951 -71861
-94281 9841
27141 92655
-83043 39384
44110 93994
21698 -112123
41815 -80236
-25279 -78745
67464 42332
-19813 114851
72832 -60512
-22387 -110169
-6405 -114941
18970 14289
24061 -1231
-72313 39647
-95444 45431
92874 30251
-72958 42825
114081 -84343
-2082 20991
96 -68426
