97
-53190 25335
-95334 -75930
34468 -2441
84296 -47584
137075 -86154
55589 92373
-90824 -119462
-48963 3133
123300 -109738
98863 -116670
-129451 -84750
71765 70060
81270 -181
41831 -69040
107658 -27337
137805 47523
-88202 104941
131281 126429
34170 130164
-9365 -5562
-115853 -110257
121169 90857
-40662 -80580
6476 13721
-90197 11152
10055 -76169
54842 81550
117952 107326
94743 -31066
-3712 61030
73172 -31084
53771 43286
-79428 21376
76393 42570
-81005 -51934
95613 -49881
2773 87073
-2298 1435
-23096 102990
134211 49174
-31917 38767
-55110 -6884
25865 -77630
113360 -66275
-91156 22163
70063 -52757
28552 97727
101015 94984
37290 42361
-105071 103534
17861 -82169
-73895 -45951
-132757 76091
124965 44880
63687 93340
-7876 -36148
127442 94744
-8484 88077
-56472 -113742
70634 -54942
96300 10957
-47361 -85875
133650 18463
54198 105603
16347 23533
1587 -51054
28177 135941
63663 5835
-35773 45636
-43669 -83103
30426 -81844
-22785 -135369
70715 -98598
-82118 -11850
-89212 -49706
-124543 9579
22343 -78930
81993 12662
64364 -87468
-39903 -115898
25209 59849
67386 -107223
82031 9524
75138 -138992
53893 -2169
80992 24221
-47932 -93980
120715 95210
-23032 -50551
133449 131590
-132505 76253
132136 -83756
57348 125501
86742 -77396
-118499 -21156
62048 7729
-118453 73831
