84
91745 -79487
-13849 36764
99553 -10305
-127641 107108
-31947 -20813
-85628 126587
-439 48778
-53058 14117
-109960 -87010
-12400 26648
-41131 -69294
-31322 -116423
-10423 -5604
54029 111722
108639 -90788
-102294 -47677
112220 -115150
31488 10725
40276 -33708
-109304 110598
73409 -25957
114636 -107633
-18178 -60811
-19220 -6024
-59020 60016
-82929 -53270
125861 4135
-97407 -77650
78004 40587
-107427 74051
39236 108167
-90377 64129
-103991 -120995
127534 5387
-117804 -119816
-63233 18050
-10196 128604
-118192 -69492
46051 116958
-116257 87745
37596 67103
42601 -6129
73049 128590
98559 -21634
-5999 -1849
-122882 -75765
-28743 -55021
-72585 94362
75471 -22469
-71687 80078
45960 117640
4445 76813
124184 91008
-97043 125117
-121455 547
17126 14220
-15887 -96427
98836 -66667
-99444 -82156
-38186 -119263
15812 96424
63975 14826
-49581 109985
-114809 61041
49061 -59953
-113198 -34692
-5478 2400
70243 14579
-68531 54100
114784 43768
84243 4684
-42278 12001
-53820 -83735
-117920 -50710
103281 -60281
97335 -32700
-34743 115369
-105970 -29320
32038 -21144
2848 -95349
8033 -81368
87659 81642
26642 -39385
92749 28103
