58
17440 -62097
-49347 -44758
-41341 -2361
87818 28390
94505 43418
-76242 13959
37221 32934
-62326 -105433
87153 -95390
-83346 -7345
-13925 106113
-69558 63084
-29260 12911
10379 11805
-66847 -38651
36121 75030
-60659 -19284
44020 -30862
24055 67617
34423 -62806
19415 33641
69660 -60471
10809 -52725
-50395 90879
-47240 80381
90297 -22919
-53834 -80760
9641 35974
-89589 -2316
75877 63482
-17643 -103551
8615 90867
-74995 -26000
-24398 -31683
-54468 -66384
-24948 -7854
-56347 -78948
-34256 35791
42712 -99992
-88927 -21234
1127 60006
42263 4552
-64155 27725
-41057 106750
59978 25932
-37742 10410
18659 66483
57083 12004
101734 -62522
-98259 53425
-71132 97284
60515 73805
87206 60287
-70895 105912
36210 -86368
99463 97806
99178 7501
34661 -54810
