57
-58485 63392
-66227 39060
97509 -58723
8448 17136
75913 -24686
52336 -105747
17987 61504
-44994 102447
6873 -43204
83346 -26429
4624 -58990
-50027 -101155
-31607 73227
-103273 19653
-97768 13365
-34220 101813
31527 78048
-103315 26612
95697 23369
-12808 73548
31330 4326
79433 19344
96371 -103812
24927 33758
61190 47480
-27113 102516
64218 86598
-103883 -80900
-49721 -26411
-11222 8149
96551 106242
75557 -31983
-103995 11512
-14048 -47571
-99143 -87796
-86852 50189
-104955 63725
9139 13853
-20960 66320
95368 30554
73882 92615
-36744 -97471
42711 228
67988 100134
100969 61058
82927 68041
71908 45466
9196 -24268
-30590 -29703
-83497 -35277
22533 50956
48445 95878
88560 -74646
-29115 78698
-83425 15095
62901 -54070
60433 87357
