72
71191 99971
29119 -73881
-31529 102423
-291 -27598
20895 -69862
-107165 17124
-25564 -28497
-25103 88293
-36825 63689
28631 12551
14356 -10919
-95469 22430
-11333 5396
29260 -79017
-78582 -106461
-106787 -39387
80329 96837
-75535 111299
96178 58130
-84717 -91458
-25243 1096
-54635 99162
-22923 -24494
-102646 -38893
60538 19347
-101989 -119042
-84014 -96473
33271 87051
-65035 -94788
-55608 111571
88785 22713
-103285 -73193
10238 3329
91930 -8693
12089 -79219
47938 17671
-113183 118027
-79032 62838
4885 -88547
63953 61386
18989 57677
28545 -67577
2206 111804
103753 -14467
96774 -94654
50338 10577
39272 92509
-44929 8858
56066 -5027
88113 36575
24370 -106378
93067 86591
43130 61507
-70517 61080
-77229 101387
-89079 -39196
-104821 -35989
-36534 58151
-48454 32903
-29871 -54516
112154 -55103
47537 40660
43486 -3558
66870 -101633
-78368 -83322
-69090 5749
-29912 -52223
-86025 14511
24531 -70067
61288 101590
41051 -110591
-118053 43645
