55
25863 64993
30036 66376
63677 28524
-15094 -91653
-86792 100649
2259 97657
92015 1578
-34494 -41945
11833 84276
-1166 24022
-75152 -98316
16146 -11426
-72572 53752
-91810 -75806
44330 104498
-50884 10870
27176 54216
-21036 -71874
17531 53535
-62853 43100
75853 -27647
81708 7876
-51990 104326
63258 -22871
47548 -55942
-42981 -27872
64567 83107
2311 17809
-108 58915
62750 86062
-22251 95212
-50519 -13013
-29330 -42358
-94738 96541
-22268 66516
-9237 -88098
31677 28219
26994 23662
-30576 21605
-58077 -72765
6513 -63609
-73382 1971
67057 12907
-90474 -37219
1663 77231
103586 -31166
52126 -77710
-24687 -13651
13161 -21100
47176 35369
11519 -8472
58125 11289
24815 -61931
-59295 -87721
100803 -54877
