73
-19974 85197
-19916 19228
-79688 -33790
116336 34925
-61265 -21539
51195 -119020
2751 -36358
-63872 114121
-96482 22761
-69268 100252
93453 2750
54599 -67981
-21720 108352
-99590 -17200
5738 -38025
117885 6829
-107599 -35939
-101786 41965
29273 -70655
-3120 86257
42463 82722
16879 24065
-53468 58563
-34160 57753
72354 84524
-31180 84973
44169 -28776
34360 -51220
66195 -83161
50924 57534
-118100 12096
-47777 59221
-69133 -95426
114466 95992
24131 14790
-101098 104219
28707 40952
-110085 27369
101017 76230
55390 -19686
83151 -23055
-99806 -45700
9759 -69937
109390 104741
45703 -20507
-47962 -78363
31648 6472
49224 79962
-55906 111774
43132 -72681
-92963 109891
97372 -75327
4257 102294
44444 66346
52659 -98971
-49614 -9168
46008 2242
76706 61925
194 3574
-7244 53586
-105090 18704
71946 95386
-104902 72740
-88456 95906
-72123 70876
80399 -115103
50002 -37554
46710 -26457
115959 63980
-60147 -113126
-47060 -76268
-3915 -94204
-3701 28762
