98
-18595 -1435
-64439 9338
-13781 -96849
-119973 103433
-130465 92429
40329 -121201
16509 110812
-126838 136581
-55519 2575
-34295 100247
61932 125119
83192 16428
-15290 -55243
-119846 35659
-21395 -54488
-70996 -42946
-134737 55806
32017 60169
107509 -65474
69857 -654
-61454 -38042
72288 -122523
-37084 93694
-106655 46806
-44409 95501
-26648 -13831
-6500 -84062
83687 124631
-106740 -79165
106625 6865
-57097 -44815
48030 -60340
-70660 6014
119496 28234
6167 67412
-121514 -78082
31207 -108043
23568 -96763
119793 91753
74465 82670
32104 -21504
84156 -13155
52296 10526
138377 -43005
-67535 -18910
-40611 -61986
54730 49297
-108623 40038
107172 92660
132817 63490
-76475 -12893
79922 -33708
-100356 15969
49798 -80964
66613 117305
11217 -66668
93095 -136364
-100397 70578
-17096 -136827
-109312 101364
-54821 83228
-112687 -125232
-89691 9091
-71233 26438
-48384 -46709
-127960 71674
-110215 -41396
30309 35529
-99122 94675
-104902 -22629
51887 -111938
-101698 -49428
-80684 -125448
56957 94404
52226 -44819
-79712 4789
31002 80998
107734 -133800
26997 -97645
-53353 64472
-60830 -64583
-113606 59251
61064 71418
110535 -42198
-53208 47926
52313 -63925
39426 -8044
95592 97514
36437 -45556
-130103 -4855
-129365 -78110
5195 27965
24368 68438
-90822 -24826
102104 31408
-14270 82861
-51363 100521
100445 48254
