78
103698 -76819
-106753 36197
-89929 -106654
-39972 -41397
44348 -42447
-110039 -92441
-25011 -78426
124795 -73661
60290 -120449
-110298 -31167
24205 113160
31044 110010
74046 -32929
50261 -120857
98927 -70412
-4386 -46369
66183 118025
99952 -112014
-37954 -92673
-57180 35924
-17604 89202
3825 -49046
26148 -55384
99014 -28693
-105621 -98444
-63793 -78663
38643 27913
101889 5755
7437 -97976
116092 -56479
-47728 80098
123810 -35360
-83612 211
-101487 -62097
90164 114131
-106904 35524
-45043 -28034
-37098 102275
122906 -18637
106398 39007
73548 -89494
-53782 50139
-29182 4078
-79582 33501
-122497 -30838
35200 43144
79674 42392
73668 -49125
120419 -38487
-42458 80667
-85603 -79704
-100542 -32351
83443 102012
-14797 90883
46183 91701
113627 -4506
33821 101229
-100901 -90557
-56150 -41760
206 97093
19768 84087
-19380 46653
-38308 65128
-76009 60741
1491 -86802
75181 -90878
3362 36008
113234 94516
-7030 68995
90365 30175
-79076 87855
-85246 103369
-26842 -79199
110445 -5367
95972 -1002
-66715 -37519
-88203 110813
-50828 65593
