81
100215 44373
-49540 -108888
58473 96997
-71658 13599
24867 -85128
106143 -6323
3576 55058
47710 47110
-83579 71994
-48721 102077
122938 68776
-54186 -67639
49945 46699
-22016 -126872
-112888 -87606
81578 11857
-53559 -120611
76165 -124350
-53410 -83571
3576 112592
51442 -110268
63637 -21608
-110680 18285
-103607 32932
-122032 -105132
-44740 70277
16437 -22379
54667 20250
63433 91123
-54623 -49604
40404 43121
94221 62203
34003 -7702
-30005 -29948
81475 -56126
-76416 -65953
-33086 55919
-12701 -35114
79529 95084
7871 -64572
66817 50655
22816 -90569
-39069 47635
67670 -119012
-60183 -39944
32130 59624
78979 31921
3537 -100058
-83376 -25803
-53965 89436
73583 80714
477 -92770
63490 29354
-22490 101383
122596 -30005
-121275 -78499
-19083 36141
3581 -56358
-121795 -3351
65056 107673
-35109 -56207
61179 -3676
-95856 80330
-38373 -95234
-121757 85080
80270 -43337
99712 33386
-14291 21688
-124364 -109893
-36094 -49979
76749 -12873
-75731 -14307
-107045 -63903
126377 -60466
-105056 69012
-1281 -19346
-79075 76336
-99274 -2204
71298 -13553
120239 -7544
99120 -56932
