97
69378 38889
-94993 11933
111518 -76670
85842 -37756
14247 38920
135252 41325
36003 32899
81638 98673
82919 113914
-32837 2676
-74263 -115368
86527 -5347
-113449 -98072
-107239 -5215
-123062 -124623
-6061 13254
-35471 -80496
-84806 37343
-40993 -100927
47651 49521
73244 420
-1050 15037
-138717 -136646
43566 -115406
27657 10121
-72705 -48299
-131405 105889
-15723 65563
-124712 76951
-119690 -80064
-119990 -74552
-48009 120682
-38827 -90908
92962 -114424
52151 60691
118658 44458
-137329 96354
-48710 124377
-127959 14010
-37871 124046
118954 -37302
54688 -114681
-103912 61293
-21041 127033
-63173 -136048
122017 121247
13417 6457
-57254 -50245
-112316 138883
-86505 30628
89796 95870
52992 -134835
-1667 107732
135138 115920
137951 105910
100283 96234
37890 55640
99557 -45082
19640 -138722
-68483 23129
80612 86950
-2035 -44403
-115688 99945
-70792 -95865
-78971 -112278
118661 -122754
80889 -17242
-26120 -14906
55229 54620
-11903 94482
-6612 -14609
109952 9538
138159 38039
14070 -78192
1313 -18513
-73402 72488
26570 -55941
105563 18638
37889 -122416
14001 -112865
63008 -15304
-41222 -5279
117949 17483
-132288 103174
-127732 90241
-10414 -82128
-104688 81225
100766 90681
-83159 21329
101027 31916
40570 -56040
22785 -53763
135614 118125
-41021 -6836
-96446 24628
58793 -20989
-30571 -119485
