62
4286 35647
-70485 72639
-65957 75896
-108263 -87595
111032 100252
-86805 -80842
-61810 -58116
-94516 78660
1067 -88038
46645 35949
-88969 105028
21112 -35713
32571 -38915
98059 -94991
84122 75632
37241 418
104121 100107
86532 14014
-85048 75199
-106552 -14494
-72777 -69761
16355 -44364
98536 77380
-21473 31268
37900 -21213
-69618 89107
-59078 -49519
6191 19497
22521 11457
-109469 -63143
-65749 11625
-74003 77920
-65265 -39419
-81595 -77432
464 -5755
-23890 -22367
-27255 -49853
73701 -6072
-6464 100123
-13953 -8030
64265 54181
-110802 -68749
-975 18419
-110061 14181
-12746 -98102
16340 -45
98582 -53589
-109018 -36732
54087 98891
13117 100539
12637 -32337
73252 -69748
17447 33772
-105327 -100497
-49640 54354
-50096 107297
-74427 25599
106033 -10178
-107915 -88368
-101346 9526
-46878 -77314
102776 -73216
