57
-54804 -74505
-30838 -19098
-24170 87699
37094 58270
83568 11385
55205 75613
-43048 -69973
-43181 -50050
-30458 -55886
-145 -44305
65091 41094
30238 85008
-45846 -39320
57276 -50807
92592 8257
106258 46385
35896 32322
50964 -57541
3660 76634
-49701 37686
-11833 -19040
94877 -103051
60843 -29796
12876 -14076
87566 71719
-82842 -18451
28469 -21254
-4978 -71043
94488 25631
101403 101819
319 37881
-64368 -91264
-39446 -20546
89059 101139
-38067 -59274
3716 102320
40358 -52505
71 70794
-25368 68406
-100376 35603
103439 -10782
35783 62295
-90187 -639
33212 -45877
71441 -35829
-58113 50459
63700 -61714
80347 -58586
3799 -41797
79298 -12814
-92670 -16237
-24925 -33284
56428 -55072
-22088 -91269
76204 46584
-4863 -62873
101309 -35921
