47
-53759 -93541
92136 -83551
50788 -34052
-84240 -25018
88462 -21359
-39745 34379
-30158 88408
48415 -18104
25763 33614
-71736 -21739
12615 -83702
5560 13415
-86829 82594
91245 -87423
-10129 -59665
-47346 25389
4761 7650
-21562 -761
-4272 -66723
66398 71434
-58872 9818
73631 26544
6731 -50133
19058 49393
-39005 -32278
50488 68163
-55373 -1825
60238 34998
76428 92421
71357 61650
69490 -16302
-11676 -96916
-16263 83230
30475 32931
4915 48482
34618 24639
72480 -28136
-46080 -81226
23354 -74996
-58552 -31936
85128 -63855
91868 67514
66679 -54275
63312 -20029
-39110 95741
-34397 -3604
-4106 -18209
