41
27323 36514
-84684 63027
74526 -60766
12943 -2555
-36041 -40990
33896 -45705
18536 -6520
16738 1094
1411 -27009
-77852 -87434
2442 -28750
-12614 53701
-10688 69805
28117 26340
70398 67218
-10445 -47323
62637 -83821
85675 -78705
41221 40132
-67221 74493
51506 -28782
18496 -66717
53817 17236
-24608 53633
-55392 51702
-64373 59454
-17175 10424
6091 -67592
-58569 -30758
13224 -67812
90453 -79465
86164 87902
70296 51135
-54743 -18879
-82079 -1117
-81439 -26268
-66997 88031
-81780 -84948
-13103 29561
-66909 62451
12530 -68111
