96
60605 -88102
-35356 92065
-130728 47439
116656 88876
109031 -67992
-58423 -12369
-105689 -122861
-82607 83580
-120970 -89521
18771 -46246
-104477 -120092
137925 -94455
106264 -137686
83974 75510
-115155 39578
111629 90648
-96416 81915
-96002 -75807
-108023 -21597
-49067 -90460
123507 -61492
25782 108073
-20563 12939
-123601 -30424
113950 109163
-21030 4263
-19791 119001
-126358 -79729
-71288 37816
-84884 -59574
50888 65853
87871 19415
72717 -24905
-63883 -10767
7774 73558
124525 107241
104103 6814
29116 47364
-117266 70986
100537 -3029
133941 8771
117119 -112796
-131628 -46437
-123695 12310
-94849 -8089
15325 -86057
73572 -84222
11828 55979
-92979 68629
-75902 71412
23625 71323
-108054 -16787
62362 103905
-22077 -83864
-23311 36425
-100665 -102227
127956 -107568
-13670 24985
-86494 32111
-64958 124797
134574 -52906
-41129 -125561
-31570 -2637
70724 90130
49788 -134296
-125620 -115662
88927 -40767
86507 -90834
-7623 -68617
-88802 -7883
-52007 134595
-10592 -62149
123170 -76799
48619 -75203
8292 -121825
114476 114048
37114 -32226
125566 135729
-33727 -96819
52262 125662
-10046 94883
99235 43928
90689 119349
-31953 -69181
107703 -26597
29973 123454
-31026 1453
695 13865
134746 28922
-125937 -127000
-128875 -130842
18446 -7901
22859 98912
23636 -89217
12216 36926
43702 80839
