94
61432 90867
-2800 116806
90147 23028
-48460 32471
90459 19746
-82884 -56337
52984 -24123
-95335 -123020
-70033 48245
108729 10597
-1104 28710
-129278 -34728
18744 63846
-3500 -48270
37978 -4981
77915 50665
94392 36119
-81939 -111785
-103976 -116445
-54358 -5178
-109145 94730
-49232 117109
54467 107991
-8969 -109510
-7605 70764
71146 13570
-57877 8849
10182 31292
22882 -16270
-41782 87024
-20126 -39297
112898 30427
14292 -129781
129785 -111048
-107128 -19834
125338 -119734
-126471 102006
131206 -53575
-96717 40904
59974 -2183
-40162 62236
132922 -51665
72971 93773
12507 -92977
36665 72728
68468 -2681
-88906 -37002
130433 -87094
-128232 -40868
-46947 -122306
102511 -2144
-53230 105874
-44119 -45389
-111925 21627
-38584 -133947
-69289 58161
21776 -21912
82763 128982
-4118 112189
-99813 25413
54637 26218
47405 77915
99307 -94987
-91774 -116326
127757 89318
10504 59439
98751 -49157
-114127 -114050
115695 71263
-84231 -136905
4210 78578
33511 -11321
133999 78916
-8787 72417
76810 82162
83026 102444
67619 -1638
96815 130350
-122706 -82159
-48617 127706
56674 -22479
37196 -16721
120647 -90383
58793 -2491
-125614 133795
108315 54909
-40572 66967
97382 110427
82268 3227
61891 -13061
2937 125305
-60587 -50738
-124717 -129982
-94906 79526
