39
69334 81736
-38186 28735
11472 -35855
-76359 34201
-32328 66292
-83431 75108
21453 62664
-72287 44358
-84144 -34788
-86189 26306
5513 -32063
-84171 -61074
65568 -82647
-62134 -81088
79362 -17657
-80435 62612
-2105 -41810
-82947 -18812
-23692 50424
53116 71099
-62958 -15216
8030 -44598
-55412 64168
-16517 8046
72125 51741
-52829 -54449
7773 47614
26696 -85143
10925 -43160
-59782 59193
-58108 -40748
-38326 -77000
-2552 -8640
-71619 19980
48014 85010
-58640 4985
77216 67512
37986 -79435
53477 69125
