63
-48048 32889
15448 -59174
-21745 -78039
-80477 -80119
-26480 714
-40140 109568
-27435 29392
-15336 21832
-95725 -74822
29248 -42665
-92011 97675
-54252 97804
-18943 -51949
38895 30646
32058 -32909
-6574 -20601
-59350 87682
-99138 -52292
35056 27917
-59366 62901
10394 -100226
19698 -108914
-38725 2323
24415 -110452
-89187 -24211
-15623 33719
-89069 -102875
25191 49828
-53018 11126
-28420 -96505
-30183 70514
110062 -21314
-18757 108298
1891 11028
-13485 12676
27460 20811
-44287 110504
-20542 85755
-6606 49244
-111481 72081
98383 -88173
-84049 -106068
84888 107979
62109 -56685
14855 19080
72544 -731
-99655 -28993
58122 86810
105242 -96322
-20480 -6269
6540 -99281
-94774 99210
-64476 110926
-70835 66176
69533 75740
-16398 75503
-70792 87376
-1503 -36348
91011 -22942
105174 -104988
-2369 47174
-82528 -4652
90927 -11113
