93
-29271 43255
-26303 -45799
-73989 84180
82634 -48063
93185 -48607
72929 111810
95434 -64756
-34995 -14398
-60397 63824
-21180 13309
-17758 -13377
59976 -119862
120284 -11905
93252 110391
-44836 98278
-117861 60418
28205 -51218
127474 -49333
-127368 4626
-17411 96731
-5137 73544
-105582 -30433
18053 110928
-95244 -19060
-28189 108033
-70059 -3463
51306 -52168
13005 -6048
-19915 -92143
-128218 81575
-117788 -91398
131768 62306
-19346 -131634
-17298 -34837
103532 -80093
-63816 -118576
43750 -108950
-57607 69503
-35355 67379
-127049 111997
20646 18125
-114287 59485
-49168 -42836
71581 121698
22717 114165
131024 -80221
133090 1141
-71401 3279
129914 -16114
127390 -58661
45971 76596
-71275 -57187
103504 65793
-133002 -24271
-74808 16930
87616 897
695 -20545
-131751 -79033
38557 132691
-28202 -87973
-86613 53233
57142 -15199
-100908 -102046
109414 59757
119946 -64938
23176 -43987
-40109 80488
5781 -111902
26382 95295
-85556 -97653
31427 75009
-5727 124954
-65885 -64329
68787 52522
110183 -18068
-5593 14324
-31582 -77632
-86701 125649
-36445 27644
-120500 -55872
77768 -227
92875 -73166
88291 54325
5743 120100
49691 -49138
27385 -23412
38233 -47924
-8470 38748
113562 136163
131027 83196
111471 43090
-79137 -73484
-31229 -52157
