68
-113831 18277
4374 -94424
78401 -49348
27988 54682
-49352 -28903
-39383 -21160
-8998 -17251
55121 -90898
-94233 70718
-47523 112001
-55839 75649
88734 7402
2804 101760
-83788 -60630
97096 -100764
-27237 -30047
36475 3255
16708 -9592
-96773 111683
-30129 27827
16481 -85694
63129 -11007
21507 22587
3075 90112
-18981 -3483
-96234 -64456
-31102 -70340
-108649 88403
102786 -69309
85527 -87935
39244 -23997
-23307 -67481
91714 -52328
1491 -98107
96017 59589
93253 -112345
-45132 -37553
-5601 2883
64989 37057
-104816 11972
44333 -25193
55867 -77990
-36288 91022
111769 -76399
-53659 115498
47855 113836
114072 -41089
-16096 -91451
-79147 -74217
-95425 -30832
25340 100866
-31166 101297
-81400 -9388
54480 83923
-5124 59282
31882 -70296
36066 -77243
-54880 62962
-38176 115253
-81486 -30944
1470 -99211
20940 -49697
-45825 111016
-102752 65793
-62488 -61343
-74602 28899
1262 -3780
-37927 25385
