80
70155 -27187
-29943 -71876
56467 -37597
79120 42750
20896 90586
25399 73663
75184 -7666
-13629 -77773
-55405 61711
7495 62313
59430 -80427
-27801 83986
-87923 120811
83608 101038
-84451 -97368
37425 -116694
35783 -30283
-81966 -62799
-92431 77527
-98494 -72441
92096 -56616
-79469 100993
85436 -100873
120520 -45655
35281 -97863
-7302 -67738
-111239 79510
45117 -92516
-96195 -1690
-47324 114032
-29614 66272
-38949 -92963
476 113846
-77423 -260
-25463 105366
23618 -66496
-41787 -72951
-53288 -34330
4402 -110994
-90975 73849
-121292 120117
95983 -104734
-82187 74996
67058 -89837
-60363 -43053
45554 19916
-41205 -103532
7198 -45679
113906 23027
-40199 -34736
73310 -58656
-112438 -13602
-104978 67575
80448 86015
19968 51113
-48452 77939
-62383 99453
-72764 65075
115023 93351
8787 17710
-3827 94456
115630 -50719
66569 7587
92581 81075
-75968 -61375
-84699 -54174
19897 -45730
-17707 -50834
-110699 59432
36915 112800
-91375 -59370
61821 82438
105270 -62095
-119821 -48006
34146 63191
-119043 89475
44922 11506
9886 29605
118339 -38598
-119845 -76656
