50
13868 -25225
-16750 -86427
-56910 -89809
62000 44311
22589 -5913
-29272 -96195
7435 -42802
58137 6616
99351 -51591
-83049 -19876
-64315 33926
-3610 92080
54217 -27200
57238 -41476
49401 -6972
-80580 19109
39564 3793
-46973 41769
-52005 -46465
-96132 -84069
-81805 30915
89428 38566
-46489 -50025
-22142 -44437
-4130 -77052
21551 -38266
66268 -34749
-71924 -33724
-20440 -14481
-71768 56391
-45573 -97168
-46547 11399
-48620 77959
-73134 -55174
-18359 77154
-21794 -70054
3659 -36975
-3928 37817
-21388 61245
67045 66084
9682 63237
-981 43157
69267 -58303
16706 8560
-48965 93596
-30703 24883
87748 -4854
-14472 4406
-4925 40727
72283 -50677
