44
-43113 -78571
24582 -84848
37328 -60268
-52741 13288
-44729 -75017
-81021 3656
-84513 -27636
10603 -78617
79415 55353
-36416 -16928
86864 31531
-34415 -68681
-9493 11025
82105 32449
-46727 2610
-64169 43709
-30217 -65690
-7737 45244
-3560 -2335
28220 403
10216 43960
92559 -68537
-6859 2248
-41686 36950
5342 -91834
44068 21951
63305 28099
49109 -70979
41524 -60542
-5922 49076
-33315 79429
31509 -30888
79671 41021
-67517 10376
-16190 24475
-81138 -32292
-6882 2584
-70589 63387
-38909 9283
33146 -7285
-28162 -41442
-40014 24555
73963 88927
-34788 63570
