87
71702 3293
-58336 -122600
-70145 -109885
67127 46600
-117619 -3313
114030 -69722
-37489 -16866
50230 39723
7889 -95653
-2612 -80521
-83892 -68398
-17684 -85076
29907 -47712
84113 -43087
127295 106776
131168 -31355
-11733 68675
43691 109599
125725 93578
98461 -100137
46120 -61755
58229 -107856
-62166 -24998
75060 -107459
86493 68484
61480 112011
-74352 59081
-19810 -128295
-17076 -87540
51397 46638
-99304 83798
85729 -109057
-17258 66015
118558 -93370
-111321 -113589
4450 107366
56232 -128769
-63808 48204
-43222 34604
-33171 17538
-78176 -24260
8950 -54599
-75935 -1453
-130494 -53266
-62989 -6957
-5258 -26515
-36979 -83766
82187 -16090
9125 -101088
-60472 68844
-18955 38707
-54050 -73796
-85823 -85097
-47663 55620
-121186 25537
105454 60813
96949 -38615
770 59901
-96588 -5877
55689 -15894
20916 -65112
99767 105505
-109337 -73580
-69751 24314
-121900 -16759
92222 -108904
54032 -47597
-101906 -59657
47654 108341
127906 87894
-16210 26909
27425 20435
-21949 -115903
-100482 83583
-31637 -15301
26680 -119084
81885 -4559
-79754 67833
129355 -21935
104630 -105027
-99469 -131302
-84739 -72036
69095 -10068
-63823 122441
-64617 19586
65316 -130508
-6789 90744
