65
68301 -80823
-93802 70753
-39072 11731
-36444 8472
-97210 29927
-80759 5393
-16558 -49388
97070 28903
57426 -83794
-39192 -61718
-61384 -109525
-105486 90283
58608 -41181
-112723 68380
-66851 65784
-86391 -9976
-74962 109206
33150 71991
-45501 4081
26323 -12812
-40998 76684
-42659 -98760
-90064 -26956
-13232 45228
-98024 -110487
77199 -27671
-41233 -37026
26224 38311
18651 48757
-109500 73009
-105624 85452
-64175 77714
91067 -12133
89925 -29070
-98773 -85074
-86246 -105721
-109855 105743
-84105 -49320
102010 104354
-1663 -47375
-82711 -79632
73884 54343
91841 -47174
-104998 -80125
25327 -23370
-13547 -60188
-38569 -17744
-14647 46406
-2762 91687
81632 -28668
48192 -61205
64579 -21402
101329 1955
108869 -105844
80345 -98509
-71159 -85308
-53612 -94307
98851 -90330
-12206 -92227
-92984 77829
72650 45285
-78360 50474
28470 -102608
109825 39151
-75626 28228
