96
-86483 122066
124873 132810
-20071 104425
-5035 83069
42032 -48028
-125384 45556
84175 64662
5169 -106217
128113 89218
138213 -17698
21736 125392
10036 -67344
50683 52849
110017 -102356
127238 -28989
79083 94229
-44030 -60874
-55856 44944
-21866 86183
56075 100792
-90363 43216
94854 119047
89454 -60728
-56297 47332
9800 32161
-13847 58609
8636 110453
135462 76747
49108 84373
-25606 -38231
30266 84442
61496 13390
-65025 18773
-93653 32286
-28286 9666
-91733 37340
15091 58948
-51484 -119091
27868 -114312
-91107 92976
64383 107817
-125820 10401
-48841 118592
35908 -94292
69377 -27950
138396 -13795
-92640 48446
75609 -136392
105449 -62568
-38963 -119899
94692 60128
34968 -49464
49789 -72104
-5255 98131
68095 -77641
72593 -10680
-132019 128781
11173 -89003
1238 -9763
83974 40888
86114 -29663
-20884 92307
-28243 -29981
3865 13699
-34483 75103
-106531 74211
14127 118204
-119513 16729
-22680 -87277
55348 -6051
-119044 127492
51926 66131
-31513 7206
126123 -87209
-8806 -97404
19829 -123235
-40498 -60665
70686 91189
-99248 -125948
-93252 -8877
136107 -130777
-16312 120087
126289 41289
40556 58711
113689 135927
29752 73679
-101312 119795
104560 54643
-26360 -43059
114928 111696
-85245 91819
88819 -137929
-71766 -133339
-129694 -41590
-51888 19427
-15837 56456
