52
98919 -31349
-1502 69601
23423 -2233
93556 -93900
-21775 -88070
-74422 -41510
43866 -30484
93568 47789
48870 -13971
-39034 -43753
-19533 -73746
-79819 95691
-58585 -95631
13699 80425
60809 26495
-8710 -10755
72202 -81627
-1066 52848
-73846 95797
-18792 95616
-51527 25013
87714 -86849
-525 -4785
-81514 -29703
35310 -14762
-98642 -68712
47499 7016
33058 50253
-49312 13974
-32686 24301
52764 94615
3865 -72555
48704 12350
-89465 34462
-87020 -94885
31636 32458
-21679 100710
46371 77602
18345 80548
71481 45753
-28650 -88864
55686 -97093
-89754 88682
-21829 -63365
-49336 39364
-18421 -29695
-52755 -46725
11734 -44647
-22537 10781
-57767 -2062
-87317 17846
101577 -98381
