90
114049 -52042
-7287 -56166
27686 88419
-129323 92400
-31039 98008
-112453 37685
-78599 -2641
-96403 1004
-94456 -47102
-126853 -55877
81443 -128053
-34721 -75826
-2041 -116092
27200 -68614
127521 -55905
66125 21513
5889 74503
38368 110375
10619 133732
44758 28040
107398 78374
32550 -109749
63944 115722
-3084 99458
17080 -26277
-40460 16918
-87870 127962
17417 -13038
1816 54681
-77470 -5253
21867 85908
-77972 -89266
-52926 -109739
37257 -71139
-5162 113918
38588 -116586
3577 115986
45948 70014
28331 79122
129750 56932
121045 -49011
118350 -76513
-122800 -111773
-103490 70706
-72765 125600
13898 -116900
102635 -5895
56956 56133
-68934 103752
128468 -115935
11327 -109136
33705 -99481
-125193 3775
108585 -57607
-12062 -99909
45276 671
-122851 101832
75281 -71146
-33475 78370
-113711 -114200
-128407 129843
104193 108079
-98332 -68238
-4208 38052
-92146 43873
-54223 -17263
41647 74158
20275 -72115
117407 28004
-96765 436
91755 -13422
107785 31474
-67117 -3121
48401 -55083
132620 2509
48728 110244
116342 52524
109386 -91038
-56027 75184
133705 121590
4215 94521
-46411 90402
28701 39595
-116439 47891
-30858 111681
-99385 124506
-99875 87553
103590 63773
-49260 36591
-14119 -27865
