61
74762 91831
-92977 -68475
-46882 -38487
-15758 103391
-59885 -65060
-27483 18727
-58027 43297
58456 -77884
45141 18482
6976 -12077
107166 -92569
-68516 9182
-93714 -10730
-44755 63182
12113 54858
-18093 1187
-53262 -62754
59566 -44930
101110 62740
-49266 -96779
-39262 77270
44136 23714
80611 -79944
80284 -93787
46968 -91621
103632 94299
48549 104716
42667 -4772
46239 -43939
-40838 106658
-72242 46580
87706 67842
41044 -44215
48608 -54611
58581 34722
-78792 75750
66625 72174
-43879 -31311
-7422 75893
104320 -61319
-12917 26676
-56509 48201
3570 78675
-1298 -101146
84376 75350
107885 235
-92635 59989
40434 56347
-55025 76851
-63013 -22856
109893 -56637
58057 110382
-77035 -61455
-19959 -70915
-28142 99063
-87500 100622
64157 62880
-2032 -95256
-106902 65173
-12174 -84383
-19289 98811
