66
-54591 30207
23434 15269
-56871 77409
-29069 -31985
-31112 -33586
10968 -112756
-26081 45747
74752 64408
-36312 47966
106371 77035
-249 110532
-67996 79918
-99528 -12724
101577 -76595
102624 102990
-19166 -23043
-79907 -37341
-86662 66799
-100938 35670
-84625 31163
63337 -31213
83517 -36388
-47454 -99448
-94710 78162
-100618 105382
52570 1955
12385 -22152
-65979 -38312
65978 6953
77641 -50008
-69209 -37981
17394 68559
40084 -12323
-114127 -101403
40864 -79903
78976 -109040
59014 45347
94266 43212
80340 4728
78135 -62044
-94507 29875
113663 -105622
5787 -9583
94344 46586
-106136 -9145
-19094 -51777
-21878 -70605
-26961 -60886
95603 -18365
40061 -16978
51582 90102
-44005 -105766
-90060 109503
35439 -95982
-43909 52044
85408 46674
-81493 -10842
-65538 -904
-69666 -105572
-92050 -6135
-3282 95896
30455 -26574
58330 -101270
-52898 48706
-56448 109625
55349 13534
