57
95930 -12946
-80966 67304
-79104 -93304
-90671 27695
-37558 -59096
51659 -24457
101117 -11399
88483 -10217
50388 -64232
-16543 -92564
1738 -51126
-15202 4623
104364 62051
-34140 101304
-16781 14342
66521 -89519
30972 94787
-28785 27688
-68321 -33089
-2248 83615
99474 -37123
-28262 -24931
-38483 71102
52027 69188
-20936 75329
48326 43740
-14137 80538
-52793 -36927
-450 11408
87257 104279
55386 104547
92162 65063
-62069 -36818
38917 -13637
-44871 11024
63357 -17364
98204 105483
-19151 -14853
-47184 -58433
-30748 -9946
-27255 -47702
64138 -1351
-15337 -71645
-66084 -104817
-69483 14283
-11914 212
-51929 5256
7003 38084
-91895 -72214
-86029 -31005
-87067 28755
96951 -71353
-13383 91691
43452 -10678
17464 -100247
44601 106341
-5972 -42449
