86
119644 25020
-113315 -26489
-116954 -130599
-19221 100644
115934 78891
-93810 -27955
23322 -37997
-74990 -44652
84296 127027
-34344 66213
-13894 -59725
93313 3954
-101469 -69895
46650 -77525
-110053 -115544
-75778 -73457
-93406 -71518
-20863 -111951
61894 96848
-3509 -130025
-108009 -44987
67730 89533
-15588 -44178
122085 -647
-80488 87121
-77587 48673
20295 -116120
63616 54509
41277 25287
91711 -49557
29780 80182
18030 79323
74343 184
-11802 -32956
38001 11548
-9633 71641
82087 47027
-27786 -18474
62506 -71319
79826 38321
-54679 39581
60621 86068
-121963 -31729
129450 -36972
41951 -57066
41212 -1154
-80697 -86015
45944 60573
70555 -15399
34752 -21800
-103741 128533
-67805 -72854
13576 19504
-38206 43951
76980 61710
100555 103038
119209 97261
101021 -87056
106382 113139
84274 -128048
-130695 63652
-62385 102805
-34920 48957
105395 -118526
3315 9393
-26136 4654
-112567 -38354
-25783 -108465
123044 -66993
19154 125615
-82065 93685
-116350 -82928
-77978 50306
-17386 -109917
107891 83038
-99346 -32006
-2733 -34151
-80825 -129065
-26749 -83978
65257 78109
123407 124281
-25560 23687
-131066 -129731
-81892 33517
-91534 31754
3438 100038
