81
8082 -119446
71761 34191
26479 62234
-69549 -6951
-58170 62791
-54375 71886
-77919 84353
122948 65212
-26421 -74574
-26842 108406
28209 -17990
91646 -124074
-81767 18673
-60588 4693
-30121 105447
-113330 -103271
58825 41718
36723 7274
-40442 62624
89389 119057
95346 -116269
-81610 45744
-39433 -11453
24106 51535
-83185 -6249
-24115 110903
15989 39916
88689 124733
-115624 -12199
-94237 -27465
8302 -106458
68414 -88741
118407 -112469
-70112 -52538
-109414 108841
-47096 -99916
46974 96588
89398 -117043
14751 -50968
-37880 -11625
-47719 -85814
-97933 -97565
-65440 79717
-14059 -110492
55485 -82183
-5911 -73777
63342 -67098
72273 121231
-101727 -118479
-16178 -71417
88703 73436
-12656 118759
-39436 81117
-110062 15666
48371 -95289
103482 -64174
-23672 82673
59263 -82995
102962 -49522
-51379 -72015
-82545 11258
48701 19128
-48513 -98745
-106579 -41777
3786 107105
-112689 -78199
12246 -12436
15370 -91201
-67019 -122802
-61349 -46747
18758 57124
24831 88809
-86582 -94876
-119360 -2125
36622 -86119
-126598 -8397
17686 -94867
47906 -35272
67649 77149
1235 31801
88119 -116404
