66
101686 -95427
75236 -52571
-58284 75778
3859 106464
-26511 28257
-55806 -81613
15601 -56374
26207 96727
-23937 -105926
49307 31991
79515 -112111
-72000 -83442
-80427 -55556
-69803 63230
-58712 52531
-111671 84109
86415 -88387
-25961 -75537
-35066 41099
-90873 111480
-50475 58597
44065 -21993
11462 -109975
21402 81769
-53689 96655
9930 -73612
7675 -71892
29421 70373
79381 -30324
51860 17895
-3992 103552
33299 20489
52503 -104997
-49837 -102804
-61310 -40727
-38932 96487
-33084 110881
-107126 -57040
-78945 -7744
111811 88461
-78012 -12988
92413 2230
66053 40624
-83197 70593
-48756 27578
73034 52192
-83910 -62943
-26511 97606
50910 -76178
-12049 110176
-103611 -98943
88399 -94262
79347 -21677
596 52624
92471 -102032
-27729 59476
-18057 67147
-61221 75691
-77758 -42721
-37062 10991
52904 28912
9203 -34404
-69156 11876
-85522 58251
39510 4932
-31221 61041
