52
67695 28133
5611 96446
-17617 42727
37913 -40994
-31187 -1391
62133 32098
13011 -47809
-1161 -17827
50951 97507
-48478 85181
45411 -90614
34054 -20997
-76895 22682
5129 46323
-21357 -18678
87534 72876
11682 -87418
33314 74758
-89798 -71089
-36367 94445
48578 -31972
59465 94658
79503 71450
43404 73404
-12703 35021
-76029 22940
51573 -27834
-15741 56604
54428 80507
84263 -74923
-11698 -1224
-26403 38423
-22329 -28179
-82850 -91606
-69527 40944
-76606 -15152
-3019 56006
77377 -1055
-9476 -78538
13126 59248
-16092 39894
6289 77685
-93083 -16627
61915 -88295
8825 53694
29776 98489
4377 84547
69370 83945
-75102 83919
-46206 45273
-23939 -38869
92346 32825
