46
-79673 54449
75949 -41186
64417 -7626
48393 -17152
-40131 -72351
-5073 -39678
2867 -40679
-5032 -6207
-78919 -94775
77224 -73568
-82464 -26099
-32416 70530
55210 30089
-22824 80736
-82350 -58797
90896 89400
-85200 -28993
50856 -21472
74008 -33650
-31455 -5298
-46362 64020
-44380 -87704
34092 -47174
-85227 -4508
77435 10828
-65385 23893
21080 29381
-79860 -85671
-353 -81031
-93248 92614
72351 86698
4919 46669
84086 -8526
68218 -31136
-9387 90174
-29330 -7606
40369 87793
-61382 88347
-8000 -25725
15332 -83819
-88229 -92346
62661 5157
-77558 64632
62607 -10727
-78565 74145
-62805 69770
