81
83878 23167
-52807 43378
66067 83366
-91265 -74222
-10659 103400
-113349 -265
-106277 64855
-87857 20617
-93733 -62907
-61150 -101457
94292 -23985
95125 115113
71357 -81461
-5991 -103244
-90011 -75707
27071 -44684
78979 -51667
-62202 -46487
26918 -102753
-51238 40959
48997 80950
-106954 -99528
-6504 -83099
54179 -96090
64310 -20132
93600 125355
-80504 -46754
109744 2908
-55482 -116098
-86093 23445
73826 36228
81226 -57223
39918 107329
-94161 -44380
-24473 -87993
-62456 -101765
73024 11578
32046 -81650
7193 -9232
-113900 -98563
-56756 40006
-109805 -78824
-18108 -82140
-93744 -96168
-30637 23324
-14159 -87476
-125575 49309
-29215 74137
-77701 -54413
27401 -88791
17566 -15757
14954 45944
-26290 97864
119261 -308
-83035 103617
-98748 24001
39519 80868
-64566 61470
94827 16156
40576 -17395
68116 112265
63758 19316
110509 58986
121479 80371
84512 35369
-106587 -70841
-52810 111980
49656 -103819
-43399 29173
70210 27981
-38817 -114002
63956 -95876
-63569 88053
-28615 91267
-98880 -48696
45174 100644
-3441 -69021
-79604 -4821
6316 119004
27661 117035
-96398 29503
