40
-28773 -18463
-81857 -62985
78687 14429
-33848 -87899
-47745 52445
25348 39952
58849 18414
24441 -53546
11380 -76179
76456 12608
22214 9050
38660 71079
50962 -70687
80648 12446
-43135 13567
-34933 -9297
38876 -10953
-74872 85791
59417 -37967
-76934 -3151
45580 -35739
-43819 31601
36486 -36234
-76000 -76516
10250 -35158
-38010 48642
-86695 18347
-47175 -79024
-15230 -29292
33577 88582
57967 19632
47308 19682
-25218 9839
-45209 -16793
81371 66002
-17679 72828
-19770 12138
52128 -76165
-34819 81978
-10061 24618
