47
-28701 -57353
80135 -68220
92363 6015
-10524 -12562
22529 56403
17130 39838
-76674 -53633
-85889 75114
-39606 -39385
-49405 87454
-89570 33616
20220 74189
44100 -34426
82914 65386
7984 76636
-54055 -43254
-45343 -47016
45888 10993
17971 -16814
-20172 -45555
2870 60581
1838 77278
-90570 52100
-56176 -282
81418 89206
62742 67996
-90421 -55037
-94427 2291
74616 -24380
-16416 950
15785 31851
-33732 -13766
-32049 -84860
84869 48702
-92220 -52905
19015 16446
-9150 -62550
-11727 43872
96682 -28014
-5118 5312
63423 868
11224 -65881
-10198 67583
-79216 10900
41134 40138
17473 61375
39216 96823
