98
77951 -16648
-77726 5257
61621 14546
93821 56389
-113170 -12743
2096 92436
11816 67765
-105079 100458
79758 122154
-88282 14745
110941 88151
-45432 82079
115813 -47184
-108188 -39511
119730 -124658
-26265 -50145
-127676 25821
-18427 -112320
-58052 2359
19029 132237
-133007 -23169
33622 -87957
-119912 120355
9491 72124
18222 -28205
-115266 -129119
88505 84968
-101713 51074
37741 70754
115612 55593
-65850 113086
58790 64873
-47158 -53580
29128 -103058
45214 -32473
-129582 57358
113838 107840
87509 64976
-119104 15268
-138165 114298
46788 -2110
-49354 -42947
50613 44234
-100518 -121065
88887 -75839
-19924 72180
-44843 -135367
-115352 -19127
-86716 138934
-3969 99438
53678 -4473
47286 38353
-71751 -52456
918 3042
80205 69089
42466 -87151
-66828 -18024
33561 -122518
86401 -106886
11244 136324
-59924 -41304
76282 -43381
28885 -109793
-58614 -9992
-116753 918
-90041 -4391
-103269 -26594
31739 111870
64617 -11016
-85088 -81123
81886 86276
-115839 -95936
-79329 -36709
9031 -30890
-21195 -121183
19442 89144
25313 252
-120342 24351
133118 39419
21035 48232
-70574 101956
86881 62754
-2878 100970
127829 57369
47262 120377
29082 -56359
-138389 133987
-56539 -86809
-34652 -79245
109654 -137322
-36539 -55985
-96842 15308
-67865 46200
-70002 -68779
-115401 -133724
79323 53803
58520 94910
-55645 43455
