53
-89810 -98199
-16756 -101747
-44471 -20751
6064 96741
74090 -31101
6081 -99738
28133 -96510
64406 60751
-81352 -85720
19641 81794
62668 86457
-79213 -3046
-25455 97730
-43923 77894
3685 74041
73573 15610
67605 -46705
-25148 -42659
-73688 71602
77253 -18829
-87109 26740
-18903 14667
12931 98463
23322 -37194
-53898 26894
-80194 18524
8707 72426
-12048 81265
68819 85372
-19447 -4360
30981 42094
85748 65101
-95961 -93243
-10472 81462
96269 -87027
-24474 77006
-48644 82973
96534 80852
59559 -63525
-35535 46384
13221 87284
18959 -100625
64717 69613
22642 2451
-74322 -15694
-40373 -53898
24732 -5651
-92973 -20242
44825 13963
537 25037
-83740 -35935
86124 65171
-96156 -67483
