76
-37929 117310
-50532 11199
118563 -60135
91570 -62625
-76174 -78319
-5188 -51759
-73753 -27336
-12206 58116
20628 -66079
17345 14391
23349 10954
109448 57208
-28234 -30814
4152 93886
-75051 -8844
111708 -594
-74401 -10317
83335 14643
101397 28181
-24526 -111987
-17765 95813
-16170 110079
-78156 -63002
104626 14987
116984 -49719
-27927 -90205
-53893 -31187
-81825 -92948
-91214 -32487
90766 -24973
33054 -11994
39110 18303
45167 -68487
-9875 -68083
-115810 57351
16060 -95428
53686 45592
-34058 -78855
24811 -71947
51083 -109222
59064 84419
-55985 21158
62516 66459
-114577 28428
86463 -73751
-89047 -117309
-96567 106434
95160 -71377
-27133 -97263
90464 -61678
-69084 45078
34267 -36904
-73944 -101366
28725 18196
49490 42857
32446 107524
-108912 -2954
122350 92557
121743 121602
-72990 41888
120298 -99507
36699 -12539
36012 74305
-15052 100417
119851 84398
-96130 -26764
-74063 72830
108072 9413
100568 36820
-57293 113607
96994 -33824
65547 -88751
119294 -77233
-14707 -116773
17997 -72312
-13875 -66638
