79
-1517 -90793
89922 -102498
41449 -77667
87552 95386
-117414 81819
-32920 -16902
116066 -9040
37613 -22703
9631 63347
19088 -67475
13122 -60100
-105269 107533
-72757 -96922
-28903 108855
23193 113129
42364 34586
27687 86954
19433 43134
123031 34828
78098 111148
36137 -58414
76678 -49795
106808 -114293
-26136 -7058
-97086 118253
54841 59838
-102731 -68415
30177 9624
-25295 109428
-72896 -52910
-47923 70726
54652 -122616
124537 68486
97106 -48720
-123122 47321
96148 -54674
71731 -113437
-62236 9529
83970 5792
-13391 91454
38845 55850
103561 30509
113146 -50016
11704 32459
65204 -1779
51403 115770
30467 101229
-47939 -35953
-51124 39419
-95651 -67163
45812 19352
59010 -109257
46950 63563
-125224 -29828
68608 31001
100365 17030
77062 70076
-54063 -35542
-114577 -76206
-124218 -47855
59845 -98665
71067 -9502
62562 -52317
-45630 50626
-107609 109229
-82688 109988
122645 99743
11321 -72904
121803 -52291
124753 115758
-107873 11548
95776 -15392
-99763 -8168
-57769 -89593
-7715 -23474
84713 -86769
-53237 -84946
-7229 -73903
59862 49785
