42
-57664 12768
15668 -35309
8920 -25640
-67936 33995
89016 61246
49274 -18399
-216 38104
66113 47456
-60444 63128
58792 80804
-13577 -42443
-54578 57672
-64112 11282
-28269 -34357
30130 67955
2800 45682
-17022 -52152
-34812 83204
-88798 -58001
30513 59350
53367 -71891
84590 55473
33472 46051
49947 9037
-34965 -32213
62024 -29034
-16961 -48706
-76870 -14232
-71634 -79078
-75236 -88440
-52591 16273
37113 -90253
23625 11225
-30339 72673
-53885 -45978
-80855 2638
-76495 38819
17038 82359
48267 64626
88890 21762
17248 15647
-74238 80296
