85
-88394 119328
120403 -39959
103221 -36513
101595 -106480
-1229 -115478
15113 34676
-102970 -47163
119966 -44385
-102052 19996
-20680 100983
4105 -54270
58496 25498
95790 4584
62443 58031
-3403 18800
37632 -51913
47864 72794
-77847 -93973
-49063 -40180
-46622 -72494
-39265 -14630
-74372 66045
38404 39191
-73221 124759
-95156 -75593
72948 -121623
42637 112096
33448 120223
-19029 -27287
-73467 -15319
-8986 -59555
-87591 98830
100953 -23143
-107949 35689
-107111 -7998
-23927 -75546
-109066 -113604
-57910 -69737
48928 98086
49657 -55167
-4453 21862
-83817 25426
-47579 -81245
-10770 -68208
62386 120441
102372 -37826
-6139 105727
13452 113751
74860 100316
32646 33517
-14730 -111845
91217 86630
-27119 -118696
59054 -93691
57488 -70313
76612 -21906
125175 28643
109641 69727
38990 52467
-12475 -34056
-43740 -109081
-81097 16282
12736 8297
-70888 -39004
-48502 -6169
37046 -126848
-117813 21798
105920 35678
27 -109640
-85695 -101454
-95845 128370
57254 -11133
-78167 97700
-117891 -122508
48463 84753
54882 79239
-114530 56993
-80730 38525
44207 -16649
110651 5689
62749 -25622
124149 -14747
86564 32605
-116837 101313
56595 38342
