44
-25442 46736
27438 -48280
-59069 78153
-68991 90094
91206 90688
-9517 -85769
-51755 36397
-4706 -31082
20634 54882
79517 -19785
69625 20913
-1146 -76616
42216 36054
-26803 73099
-60858 3207
43789 -58622
57068 40617
70866 70575
-6259 -61941
1443 41366
26887 45653
-46488 15823
-80112 393
-33970 -93376
10417 75409
-71965 20554
52599 64022
69501 19629
64349 27243
-17376 -72360
-43026 77803
-65172 41462
-38619 42631
34264 -8870
45301 11156
22211 58157
-90595 -75690
83707 76713
-36587 -3325
70953 24637
19732 54933
17292 -25343
54298 -1041
88468 22142
