61
67785 7255
67413 13331
23656 -10333
-3476 61247
-50951 35024
-68041 57994
-61443 -51039
34052 84455
-30262 -106992
-60346 78835
34562 44134
-87429 -89094
-107673 47744
-11545 12502
-64683 58115
-60525 -25427
-34017 -78554
-19452 94809
-81701 -85049
-60193 -41644
45653 -41806
-31266 102491
-71199 -83781
76231 107365
53814 -42141
93546 -95277
-12154 57146
78697 19673
100357 -26256
85112 -31224
-80752 -36909
-13923 13813
-47686 -32373
-41969 26553
-110047 13855
61222 -93632
-13722 -99530
-79471 91419
3277 62149
-68858 -36470
18920 106848
-79481 54481
5520 11805
30689 -75174
93484 -72893
-48964 -75325
-108408 34885
62380 45926
20682 45701
55463 49724
75910 -106567
76097 17082
47188 64141
19509 -69074
-105571 -67426
-87308 -6338
35580 -84089
6004 8725
-18754 -103879
-5479 71843
71142 -11635
