48
-29816 94847
19530 16503
-39210 31856
-37727 33788
49004 -27579
-79235 73379
-40990 96869
-35707 92932
56021 43275
25055 80893
-4381 -78469
-35055 -42852
18200 94724
-58779 -16845
65027 -82846
-49007 -94729
-22137 93400
40761 -8411
60090 48049
11778 -83206
-77563 50290
-97747 -59055
-76548 23618
3764 -46308
-23736 -24086
19014 -58567
96566 30237
6643 -81060
32484 -17679
-45678 94917
-35157 19123
-43708 19843
25633 75052
-87893 61257
60366 48940
-91749 -41165
-74429 22434
1436 63227
13347 74366
-5042 -38790
-9373 -51885
-74955 -8215
74600 -7877
86804 -50377
47056 -44845
-62992 21884
-80729 16638
-32962 -72728
