59
93985 13588
-8183 -58501
66925 -79083
-67385 31695
-5674 48037
29232 11288
-91990 -84197
-7614 -75206
16958 5016
30814 54938
-37829 -49169
93540 -105021
-86375 54786
-8458 -6789
-27626 -78251
24530 58867
107979 -43382
67132 -30973
89470 77224
77644 -19232
57780 -106663
66378 70730
-23056 -3482
40358 61217
96108 -15774
33672 -10791
-72766 -41899
58979 89327
-31454 98368
74824 85391
28558 -34283
-7255 94795
-43380 -70810
-24314 -97783
21976 51659
-100183 -16040
5632 25264
70564 -62918
89780 106359
-23925 66074
68976 -71802
21857 -55213
34169 -38796
-5562 26279
42673 -99165
-101963 57835
-51346 -62264
75208 -107738
89961 -16017
72506 55518
-57554 72603
-73959 54871
83442 -86617
-34772 58302
62303 1475
94684 23868
92340 12092
-24436 93254
-39056 -33744
