69
-52099 -980
-18356 53377
38365 60908
-94677 -87208
110521 -58450
-88940 -113226
-72324 -108147
-52215 9466
67681 1350
57476 -85277
-41661 60913
20964 55495
53130 -93902
-30861 107994
48115 -85189
-39040 -94461
97795 6379
61517 24789
-10335 68705
-67040 -16597
116735 -70888
-26940 -83910
-21045 39833
-86780 108449
-57021 58315
-73318 -7750
34547 99856
-32139 -56861
-93014 60222
-34713 -51590
76279 -27849
-29647 86885
60037 109537
-41022 -70868
-112085 24344
-88045 44570
88394 22499
-52500 55244
111459 -54233
112317 42885
71864 -28132
-79636 96274
63504 -10774
5130 -24268
82598 23650
-86039 91513
9027 39524
-102960 -22991
-21420 94672
-36793 72788
8070 -24406
-95124 50458
98197 -107783
22009 -97938
1889 24806
-23638 -265
67952 57287
-46285 108795
-115131 54732
-66475 -35413
86759 -12822
-104185 22664
53833 -8714
32996 30148
74519 65502
-77496 -7791
75479 19958
-39220 -44010
21725 -19417
