97
-93380 -37547
131772 117944
71854 138154
114618 119087
-121732 -136355
-105656 -49434
55321 -61845
-56971 9292
-74495 -108383
66993 96678
60678 71789
-108173 118621
73894 -8844
-48177 5641
-132176 -54272
59080 86367
-84597 -18491
41445 41924
-13563 71604
-2643 95715
-15097 -83846
-82374 -72005
136510 -138685
-13833 72832
-37034 -75914
-139011 34597
-83840 34014
59724 -1322
-132860 -130168
78678 70718
-36588 31562
70866 -73630
-114262 559
-20620 88484
-48684 -53427
95206 94971
126070 -128050
105782 43997
33067 -19539
-128359 9135
83473 -117209
66022 -45233
128397 106387
127589 -18264
-101848 12533
752 115701
38173 -110490
-35781 -84387
122845 -135140
-36660 -102356
14596 83498
46343 -84392
-117273 -107648
-121657 57814
9727 1884
-106733 -9667
-83274 -16625
124549 116090
-6087 51955
-65614 -137220
-104096 2501
-103741 -90442
-138063 16086
-133732 -115064
-36239 -47929
3583 -21983
-130848 -53881
-58751 -113811
-48344 -120573
-125680 131007
-50272 11959
-105324 46726
76178 121277
-91589 -58890
1299 -137851
-24933 116921
114822 37514
-73802 54512
91355 -56324
-42083 15045
58770 56086
34966 26328
-136477 -7116
-115174 137622
119163 -60135
78538 -14028
-118305 35889
111345 -60933
117446 -131461
131527 -42982
-115648 87573
66133 -41847
-72433 -83355
1591 -117498
93268 75853
-12903 -125671
-4380 -30159
