100
-139341 82092
85276 -102617
23536 137717
114966 14990
32598 -50203
94994 87845
76812 45524
30243 97645
46766 42424
31694 -70379
104092 104874
126814 -33857
-20978 37377
-10530 -119570
-93214 119089
138862 79648
95996 -4242
47786 -92336
126725 38731
-74890 27784
106316 107211
112108 -44776
-116864 140650
-33040 -75936
-57301 -127439
-24861 -104157
81266 -98386
-21547 -117188
-80433 89750
-99692 56105
111056 67014
61922 -2241
104945 -127124
98321 112895
14904 -86656
-77613 135912
124226 126303
-30897 66444
38213 -109015
120215 122706
-133732 99475
126518 -72256
-58688 -94223
-18007 -100897
88304 52378
58800 -9818
-4321 -58640
12728 10233
-73363 -37935
-38140 -74349
20890 -79726
30709 -135948
-101661 85946
-58943 50122
99232 64108
56786 -59063
-120659 -150
-132499 17547
-66677 -138331
-125459 125840
9448 -62568
8365 11877
93561 63599
-66177 112175
16212 29919
-22783 101290
-15756 -25915
-87353 -80481
120190 -40474
-65747 47331
13291 -71255
-62170 139461
-55658 24987
1571 -44953
63374 -22279
-97331 12533
-17534 120105
107583 -136326
-108347 121577
-65185 -75804
-36768 -97308
4741 106367
24468 -68491
51118 47846
-26124 -47029
134316 78045
-7321 -138191
104506 106007
-49294 99949
-1407 -46299
26824 -81956
52516 -101881
-72107 -130063
64261 51794
-127545 107518
140235 -56497
134776 78111
72202 108236
36947 -1932
95575 -122501
