39
-13821 86825
35012 10558
62688 -70876
-28734 -64873
-71636 -2106
23139 14629
74560 -61608
-34998 17487
-75694 -63305
56029 -13164
46551 64687
-27119 39402
13579 34301
73883 22726
8135 62839
-25702 -43008
24379 -41987
18521 -42451
-31188 82476
-6034 72265
-492 88089
-11826 -34635
36244 -42540
-75440 -44961
9198 18237
-67631 51638
-16504 -45974
52821 -53655
57635 45980
517 83302
51658 -22736
-12259 80918
-75018 -46165
1887 -16772
19996 -49148
29575 33838
-39377 -74099
-50914 48991
-19596 -83118
