89
-21705 -121791
-63132 105069
58904 132935
-132598 -55005
77316 23034
54206 -70169
75609 -9740
-109854 41538
-75212 -126725
16231 -36114
41663 -57194
-96831 29191
-66843 -53530
33822 -55446
-27322 -112358
57639 34231
-21204 80554
-73536 81502
-7966 65874
-59452 -20549
-105494 122143
-13687 36552
-24622 -78074
8862 49859
-117600 91872
107553 106518
-90304 63256
114199 62745
113539 11179
115386 31162
-121539 -117620
-71483 9336
-99416 -95998
82834 -6792
-8420 -133185
129675 -44401
-56664 65164
-83372 83299
2022 -25041
95772 -128267
-57114 113711
-63011 -37384
-99693 29508
-3956 -116843
62892 77159
34928 -33288
-94369 110216
80023 107622
112571 -75749
-40754 -16227
132454 -38296
73993 -84763
-1648 -99713
87057 -101966
51448 -89511
-1722 -77711
-13207 -65758
-72485 -128926
-23730 117252
-14437 38842
-110675 120310
-382 -97062
64729 17192
-22347 -118536
-63593 -94108
-130537 -50587
-33590 124668
-128548 35812
-124326 -8432
-116180 108707
-11936 -126759
-111255 52943
86917 91448
20022 -11710
-33262 118678
-62638 5599
107268 -40752
65266 -132036
-39036 -108581
-10055 29888
30959 -27371
97597 104995
91897 106208
28916 83606
-100179 -65243
-23779 -68671
-98674 18185
-95529 -94937
-318 75108
