100
15524 37256
13988 -40597
36971 -41988
-106411 -59694
-12234 135028
-80865 -24496
77407 -123860
-64196 -113199
40986 -17460
-21418 86853
15747 -106308
89167 4168
-131881 -30786
-68982 -114776
93770 58440
30510 -13267
64451 71235
-68463 -20307
-28462 -125036
128631 -37031
-14924 17180
-127720 126779
7269 13924
-46208 20322
68324 103116
-6598 129512
82964 -125009
50401 -67573
41678 79180
82709 5174
-83638 -138374
12634 19308
71615 17088
60833 126541
-33696 9532
-54603 102709
75006 137653
39826 -113466
-53089 68728
-67068 -22753
16230 49332
-48470 21483
-10662 55948
-40729 28177
61253 72480
134066 -103518
106873 3702
35533 82854
-134102 -67547
-19985 -111510
-84077 -85800
96439 -28065
92800 -90512
5202 -59251
-92008 -90445
17130 140775
56002 7280
98942 -29829
-109150 114067
-46120 -61677
117682 77803
132854 18605
-129051 128558
105126 139585
-138020 11796
-14641 -11823
93018 -79658
36774 -57899
102434 35429
-76692 -133667
-89122 104842
-68239 -82997
56290 73749
-64299 -77362
-137838 56339
83135 82745
-80927 -95880
-32558 49553
40175 111015
119670 -113039
55888 -126453
-121490 10010
-81706 76406
36917 -87154
-92028 -109517
-53929 -102556
88509 82430
640 49002
36149 89007
-134984 -40172
79227 61056
-89413 -109405
132619 -30198
31168 -7066
-20414 -71775
-121762 130479
-6123 32544
-78280 -98460
-124057 31003
87821 20609
