96
54558 73248
131221 4745
-89749 -119212
85862 69811
-36272 18500
67132 -101879
-115992 -130816
-83464 59564
-24279 -120912
-54700 125354
56393 -31023
-36405 -47326
-23671 -55090
-15990 -51541
-93958 64492
-80729 -85608
-90722 -101190
110317 -124903
131461 -86324
-131198 127878
-59184 59048
104946 128823
-1940 -55611
-86993 129901
31205 129661
-104223 -105658
16922 -131535
-29732 138456
-21150 -18463
-107189 18080
138352 16363
-109625 87213
112234 -14708
53432 -97808
-25260 -3080
123854 19999
-47819 -107420
30122 -44733
94961 122106
-19892 -45039
24087 -31351
64579 127888
133852 -130864
-96596 -78313
-48794 6833
-102247 -55183
-59191 26150
17253 50643
-134908 40692
-121701 -66729
-31404 -66480
121222 40148
-40562 138120
1483 121245
-101156 54940
19114 -125603
42916 53752
127951 -126109
68798 -6272
-43351 -106137
-133988 37541
122858 40474
125118 -8956
122748 133965
-67168 15088
-99042 -30299
8374 55590
-48621 19216
110342 52633
-53165 -116319
136488 -132342
116121 -51686
40741 -28593
-82493 -53887
-18220 74213
-48082 79269
120100 111822
8912 49031
115080 95415
-115704 -921
-4804 101126
10149 88536
-132075 -28379
87081 30934
-12432 -30423
-11672 -114250
-80031 -107794
96046 -61861
-108222 -1442
101223 102625
-121721 -49842
-61148 125260
68134 100395
-136979 133362
79118 -80524
-54479 -40712
