43
-63334 -43826
-71338 42653
22119 -91052
-86444 71683
-43502 79577
42169 47669
-8224 -45631
-43708 92153
2997 66264
-92243 12994
10951 8532
-27139 30608
21787 54599
-43044 85179
18832 -24734
74331 -35554
29502 75853
-26501 -24246
-86654 -4597
-56007 89315
-39566 47771
85362 55355
-50007 23621
-80835 2938
60129 90610
-71288 52935
-85372 35289
26600 -49702
-2159 -79098
9221 -52830
-51335 -9522
11322 -15579
-44378 4534
-54322 -46961
-44432 -47951
-33208 -87421
86766 2665
25280 91823
-75539 -47044
41728 30399
-65424 62995
-7859 90346
65270 -52319
