55
-75298 24542
-33629 20658
66147 28132
-738 27679
58820 -31673
84131 39717
-28779 68195
90330 -16283
-62966 -98722
62898 85227
53867 -96479
-102407 73372
-44916 78946
80355 56022
-58065 -90808
46779 -98522
19891 37789
-14792 -11264
30013 -31174
-4937 -40232
50387 13498
80311 -101553
-28308 -19875
40441 70612
6727 -22792
-88686 63928
-38156 15373
-17235 -102528
-68210 -10749
-53011 47749
-26022 -72676
40955 89350
47854 60344
-62365 -71622
-99451 -34780
30087 54839
-70239 -20216
8508 -57022
33826 -15127
-96945 -25558
-104256 57546
-63361 -23832
88051 -104152
628 28292
-42327 98237
52096 -99343
-397 69257
-101072 -81183
19362 -53290
-67012 13832
64348 87677
-31454 -12326
65077 43890
87162 -67022
56651 -55341
