95
-16689 -23908
64253 -17387
-129421 27223
-89163 18813
104701 52010
46945 -102782
-133452 -120214
123094 132020
-33789 -52613
-26318 84280
-9165 -95193
30247 -61756
30184 32643
-49678 -100007
99570 -88850
137639 -3679
-127232 -25145
39026 -86162
-67488 18393
8348 -91513
-83642 -57494
67997 -16047
71670 -53446
-36948 -80204
119883 99962
28646 1310
-17185 -109091
8135 8186
116312 -68248
19492 -127300
-28233 134300
-78311 -70184
-75149 72379
-65397 50964
69261 -26571
-29137 99996
-16369 -71155
74821 35504
-132244 -100307
-101318 115078
-130689 122147
-105104 135518
86513 84688
26183 -5294
-51046 50698
-116091 87537
12076 53867
133110 59760
-17572 54731
102492 66774
-86631 -31304
72352 -32120
-136153 -59156
-87271 -23961
-69534 74486
-110542 28520
11551 9570
59698 926
-46757 9016
-95256 -76658
-66771 -49510
-44594 110584
-91599 -85276
-39233 -128190
-76575 -60009
30394 -490
66898 85895
100715 125261
60691 14782
116367 -5083
89195 -26884
126241 124574
61840 -104681
-135419 -17967
38899 -136484
-80518 53988
-48808 39042
63265 106055
2837 -18189
29810 34174
9490 21225
134951 122712
26249 -128399
-39967 117055
-15705 122110
-136985 -40861
-130617 24500
-132641 6537
-73776 86402
68494 2548
-76462 19397
-92653 -19569
-27791 127569
-68196 -68575
-49345 -134533
