67
-1269 7134
82221 -102017
61649 -91814
-7321 33146
-14683 -104647
-110299 -22943
64960 -108226
3438 -30459
-1475 -22975
41304 74245
-39760 -19086
78790 86768
-101415 107319
-104382 96429
-109273 27574
65409 56537
82354 -69722
101889 -71752
-29133 -95589
42155 94316
8546 32935
80384 -105065
-103731 -101725
99393 -103703
-21491 -62788
-1498 -22712
-308 97331
-13441 -23388
74235 -31359
-29257 27572
46668 -95713
-106095 15490
-108024 -14953
-83952 83252
-74320 -35388
-36324 92049
-17120 114527
26797 108888
-41550 -83564
-25816 -104118
93597 103833
-111276 -67961
-84525 110859
13863 7904
34704 -106299
102977 105100
111969 59346
-69591 19849
-58401 5260
42509 106694
-51549 110214
12179 -11072
89908 67039
96918 12885
102435 19382
-54356 64771
-103271 -51033
-12592 -13184
7464 40275
-16234 100456
-77835 78695
-48916 -98743
96426 52182
25537 -93814
-30949 -71009
44101 -57614
-3118 32529
