87
-38590 57454
-101809 70735
-28628 -64762
62278 -129257
-73939 -57046
-93493 88930
-130297 104751
45327 -60658
-86760 -88770
112519 11039
14405 -22475
-12724 -3990
94378 -35549
-41154 -79585
73084 -27274
74035 27521
99207 -24913
123947 -51354
1457 -28764
117367 23966
-30348 2548
-30683 -66558
-66937 27642
109798 52103
8002 -123894
17918 -80729
22267 -73224
9006 85948
-130573 2264
99143 -76285
63479 73877
56309 -108557
19702 -24951
-59347 83201
-46286 9186
56403 -46870
98142 -7692
64337 112432
-39405 -112311
36169 -49574
89722 -90609
50066 15208
-122799 -51302
74889 101859
-39889 -130649
-96352 78045
83009 -19822
45932 -71064
-82771 107467
-64006 -9034
-100754 -127759
-8115 -98728
27210 83916
111672 40602
101729 -49407
49651 75902
113673 -18151
56815 -34418
-36479 25891
78892 -72147
15106 41931
-38778 -62961
-30951 36774
-86865 29265
20724 -109036
11798 -55786
6946 -106887
20437 28673
-120748 77662
119601 -50698
113025 -93224
46224 -82513
-52878 -20656
87513 78110
92050 -40184
-16202 4824
-51212 29573
-19803 10996
63671 -101
3515 38286
89328 67789
112976 -4747
118415 121545
-131022 -70118
-113050 -99821
23628 40467
119094 -76107
