90
35674 93686
70073 -17513
-122377 -133978
50528 -87389
-128674 56695
110303 81014
-80242 -110235
71343 90020
15321 84938
-43607 81752
2896 -104328
109652 26216
-87938 84645
-69308 111725
-102768 -45776
101425 -88112
-11846 103071
133808 43513
94364 46972
-116905 96851
-61410 109130
57162 134034
-100262 -18605
96684 -61624
87828 -109370
-99671 -29153
2046 119609
79905 63412
-72718 108361
-60398 -69961
105854 -51785
-113964 61584
-15463 98210
-71042 32408
28428 123187
-118964 -62362
-10432 96902
-121068 -16541
-51867 17567
-28902 15057
30998 -125076
36013 -112676
-51430 122168
-126522 -13905
-23864 -53650
62527 18581
74510 18559
-26405 -128830
-84782 -56599
113118 4105
103529 80535
-69578 -40189
-18196 -70678
64259 -123802
130201 67011
43897 -50128
105111 -97175
-89352 95921
111316 75189
-76333 62941
-53977 -28964
-51249 17899
-123799 7801
-77000 -26779
15296 462
60835 -25717
-38069 -2437
80064 62806
-35818 19318
-75749 65681
-91031 -15438
-62563 -26007
-42315 64357
-83473 18995
66793 -108689
41778 32969
19216 -1934
-121848 -13196
-76510 4857
-106202 110487
-19230 12392
-110556 11652
9355 -88245
77475 -77633
93905 94598
-53177 36309
-95648 1995
61420 66744
-90458 -1730
40332 90626
