77
43363 29954
-62599 -15968
-31175 45593
77788 -87163
-38706 51313
-5933 -18681
45133 43025
120028 -37623
-107131 -85613
122568 15056
-68239 27982
-26056 -43386
-72628 66613
-34350 -20861
-77217 84159
7435 -123087
86381 -123863
-38062 100241
-27355 -123450
103860 3223
-9183 14876
12699 98302
7347 -73485
60370 -42486
-42460 -47629
-75957 78090
-16466 -122904
-19920 -46274
29460 37853
-109931 -101726
-18814 -45910
27882 -121222
23638 -25496
40539 20199
87838 111915
-74949 28171
76999 -27742
-34571 99090
113121 -97307
-114562 14987
92291 123118
54386 64673
-40969 25813
47911 60776
-91835 -118882
-67549 14692
-66813 102988
32389 -75341
-77317 -79600
-103718 18719
72910 -17773
-68603 -37052
-118378 15972
-3220 -54474
-93373 -111955
69545 -122029
111896 8498
-18425 115424
42824 -56287
113522 -119077
-34906 -69323
-53708 113400
-65782 -74777
13291 110248
35487 -51606
43666 94935
119627 -12565
26892 54902
-120582 -103033
99371 105741
-56595 31640
98741 -58800
35831 -113561
-69953 -106955
-14160 63122
115084 -5633
-62174 76784
