52
-30707 19590
-96109 33630
10416 -7471
22876 19881
-23163 -14826
95614 -68807
26864 32634
25396 87454
-39180 -62569
61734 74920
74133 -70323
92473 58175
6642 -30349
-31947 19445
21649 -100744
92872 -79938
9734 97937
-18570 70284
-27984 48005
-39156 -65205
-44164 84147
-38235 -73982
88819 7437
19286 -87401
70839 -4078
-29626 2338
-31472 22493
-13634 28508
45796 -41007
79670 92785
6131 43323
-41614 -29481
95053 45067
7734 88416
-46396 101927
20622 59272
56190 80988
-8690 4518
-39578 83849
-66312 -96124
38948 77306
85246 99405
88079 -59370
58723 -95875
56081 19879
64666 19368
-14578 85445
25690 74354
-17509 16627
-67542 -99337
53309 -15572
35719 -35231
