94
14443 18627
21346 -103239
47887 7004
-112474 -41580
-73059 114813
-114809 8877
9401 -4746
121579 132104
64560 -16899
-15209 2379
-121382 -83050
-49704 116811
-67615 -127142
11638 -85499
111128 61219
-127697 -31673
-97180 -39201
63087 -45965
-47818 -128631
-8165 -61754
80139 -84257
-101363 -112002
-65596 92728
57743 11182
-23698 22181
-63303 -109361
18548 -95260
-92640 99226
-86187 -71399
-37487 104809
-31028 11871
-6035 -24021
66452 91523
-39281 120357
-114529 4146
-67649 -80142
66187 38665
41524 -133631
-37297 80816
-101293 80980
87080 -18389
-63855 -60714
-30901 45183
-23851 108109
-378 -62915
26318 -107370
67838 -25105
-109446 -70314
-136696 136290
66682 63110
-11544 -59963
-14528 7172
-33502 -110653
-108332 38169
7732 37247
-88772 17542
-93633 -86372
72457 -109016
-90643 32680
-11102 23429
56668 11101
-136478 -63857
-43220 -123577
-3248 -79714
15721 -43817
95122 -34057
-34317 45064
-125908 129162
24781 -62229
-21770 -80627
110213 7574
-118294 -38981
97032 29651
68704 -33080
-98270 23987
-5082 97303
-98846 84213
109590 12617
133918 -49291
-87373 -108995
-42204 48359
100950 -188
-26165 101413
44496 -6778
18919 132058
-3830 -39340
-113068 69554
-4436 -57316
-119557 90680
126505 93420
118608 -38462
-40061 69198
115833 87743
31887 -112919
