98
10902 23259
-81114 101652
108070 87125
35928 45789
26350 -32715
122549 -61862
-7905 -103396
68969 98143
-44461 -66208
-46388 126382
-89392 74839
-123368 -79146
6206 -85018
-55120 70703
27445 -4252
54845 -20497
19611 -109477
-81047 25422
102348 -41764
-51123 -1601
-48129 1504
-6445 130641
4507 69110
-30480 132724
-58280 -86240
97085 -118732
90430 -135823
52106 139214
-67876 -36511
15868 -130606
32832 -74963
-138116 105465
-113482 -35623
-44599 -139833
100772 107141
-133284 52077
120170 -164
29345 100982
-83916 -70219
10169 59140
-2567 -40508
60245 -83566
41134 -43750
41961 4994
-123109 -35087
-83324 -106998
82926 -46206
-33185 -84693
-51213 127429
83919 118779
60785 -126656
60223 -5199
-131875 -39940
139224 -7977
136922 -45995
-49930 -18875
63243 -26954
-83273 -96483
87832 64427
48298 138407
77323 -25870
-11872 122003
10468 -134679
-130319 92007
81532 55214
-30180 -77335
115137 97080
-4387 -1877
-116335 109192
-124084 -1610
137165 -24135
-129885 -88325
78572 56921
57749 1257
-2189 -122782
-11502 -64022
-6068 118860
122068 112
-109612 115305
-88279 117348
64036 130100
-74383 124183
-34413 -97518
131621 117002
-61699 132985
-96095 35350
131031 47645
-56086 72052
-96823 -50414
-94920 118280
137729 18680
104933 -58774
-1158 78271
-111995 -65596
31518 5106
-52945 -91911
42463 34945
32299 -90499
