95
-11738 111266
76981 -54654
-81951 73492
-107823 -94385
-56225 20004
-23830 -35909
-127151 11864
-8393 -24955
118385 -20399
-68971 51041
71742 -27889
-1351 26210
-133808 -58203
42201 57302
-61021 125628
13797 -3054
99982 105615
66145 67584
56464 -32155
-64066 86700
44161 82836
-52015 15876
123215 -51796
-31340 64812
-136257 124315
-8170 25001
119891 -14268
-96001 -91442
90932 73630
120041 47898
132301 72033
76276 89301
66529 5892
-116910 25165
50205 108834
-28698 -132275
-106768 -97582
70703 23879
-3820 58862
127306 -112463
-28062 55446
124281 35171
32834 75066
90513 -123022
58327 32333
-88188 -7671
-105015 -6219
24305 -102514
111024 28894
27009 -10443
-79187 31199
-98182 112986
99534 -135505
-23007 -25579
131592 137229
16348 -16492
21423 -85302
-100128 134999
96060 -6901
-105963 -99605
-123127 89308
-49095 120583
54554 -27760
-44001 -54910
-63586 -107660
-47088 61834
-107199 87563
24334 120270
-19784 -76744
57771 -85971
80595 85706
64179 -49715
23118 112495
19323 -11828
-116625 -85789
115566 320
101494 5468
125742 36709
-43 40441
-136128 -11963
-32728 -24873
129032 121404
-27739 -93592
23950 -124571
96559 62196
22192 97686
53532 -94533
-106999 133003
-50822 -24251
94832 -93377
65654 -79220
-45111 -60784
-13075 -78674
88872 50796
113735 -104201
