96
30620 45043
-65982 19680
-65302 128341
-109330 -66354
94743 118446
26833 98483
112694 90753
64183 -35196
-128979 -44853
65049 80450
-58462 2146
15308 100696
-25995 -131543
-88464 -65872
-12094 130876
34339 125297
-101122 93103
-2232 -30778
-20918 77151
114350 129131
53190 -42023
-64622 135047
82252 103473
18024 13234
129479 -42101
-27654 -50362
-7665 102172
-116582 -1463
-24647 19699
-138190 -116656
38436 62567
-75798 55452
94426 104666
-473 -60429
113853 -89844
-102580 48626
-10293 -57694
-95517 -40661
-123513 125875
-124261 -1152
-88335 107207
92614 12435
-92477 -98969
114530 -16165
44475 64355
73722 -103696
8601 -66512
108959 125605
98664 -122683
80220 -39818
84540 -21363
112873 108343
55713 56680
-41683 -121536
136510 50387
-61560 113417
117231 109628
-113430 84641
-90545 54165
-42386 60565
-16742 -32777
-56042 -82518
-127282 83569
53530 101759
-53608 81597
-29810 -29154
36539 -109991
2438 -13359
-106504 -12409
32244 31582
7060 -76566
-135316 -25978
117477 101671
87878 106904
75696 12711
102027 -91299
32281 -123081
-136934 78369
1737 47079
127775 -33566
108315 65923
75167 -118496
-119797 82672
-41165 120126
-72665 95607
94257 -29601
106669 -14358
49708 98221
76246 -41484
-37857 132549
-96559 41510
-80672 34781
-16867 -99645
135526 -33963
-1681 76968
-68622 109389
