81
-25052 -12971
-123119 -123215
-116413 -57264
104059 8941
-78360 -8793
-96887 -90117
34771 -80258
24808 31672
94629 90969
74129 27440
93888 82046
-94093 -78389
98479 18771
-65404 -34539
20654 30183
17884 -30848
95956 -101588
49062 120198
-40668 38086
15037 111543
98974 -13744
88521 106229
54377 -101913
-126383 69512
47894 62794
4895 -26980
-24628 13191
-24073 36171
-91594 -78964
93642 -904
-45646 22958
-66148 72971
5412 5854
70822 60180
-22140 56368
30428 -111456
29014 -54769
85886 43636
-123882 25123
-64102 41352
107674 72153
-67021 -76222
40696 17221
113094 95792
41634 41971
21347 92302
-24701 73321
6550 15972
88420 5715
65575 17039
38960 -62506
-53715 -24910
-117689 93081
-73602 104025
28418 86258
-41395 -5106
-67387 -97122
106018 13388
71724 112667
-96015 -29454
86241 11113
-89955 5069
63227 49726
-35977 -72855
120523 23359
-118292 -83324
74838 -35653
94585 -54384
101007 16919
-60953 -122570
-7846 13660
-28128 -15937
-71737 35159
24288 4855
36476 -96509
8205 9616
61248 5987
84519 -47289
20892 -45691
14589 -29425
-577 -747
