48
-74881 -89614
30185 -45534
-58189 -5190
-85655 -77268
48066 42038
48656 -69302
42161 39884
13877 70544
-10034 -11230
344 -49360
-47833 51636
-37987 -28008
81677 -10088
66308 -55568
63390 -27899
80211 11774
-36349 -93710
17366 -17590
-19993 -56398
-51441 76107
18784 -52948
-3228 -46837
-48104 -62773
-80756 47572
92897 26330
65613 74567
-26366 87452
-31030 52861
-61344 33433
82168 -42358
45705 85099
-61312 -66304
-79961 9874
2302 -74681
87662 1087
87195 -91277
53681 -18495
-22613 -12486
1660 77934
-40887 -76887
68100 -76773
-46946 -7448
80175 74448
-41670 -27935
38892 -34113
-72094 19342
-85343 -62939
-62317 -35498
