52
-83989 -22543
60511 9289
-81757 9186
27953 -53817
21432 24124
-7266 15629
94166 24409
-89424 1072
72049 52576
-39064 15693
78394 37406
95283 35317
-38438 3755
-66266 -52545
78043 98923
19439 64206
-46164 91804
68750 -36147
-62799 -29982
-45446 -18776
15553 -9116
-72668 52946
-27429 -64665
-100674 17475
64893 41292
-32979 -59644
84363 5800
-8984 -4518
41659 42526
58116 27765
90108 -73446
-61374 39445
-39651 4356
-42771 -26913
697 -70168
-25945 -71101
60050 -2885
-51356 101032
-18967 -68690
-83299 54743
65370 -26990
-88562 -64628
-51901 49953
17563 -84266
24484 11328
90623 34964
-18288 -73676
-26435 16581
-24223 -43122
56121 47920
6723 3037
51810 -20829
