68
102844 64391
2554 -18122
59389 76861
78442 -17
112853 -99506
104667 34812
94497 14559
84453 -74505
-49756 -24104
-949 51384
78579 -63132
67362 83364
-88031 85419
15357 -112682
-27956 91174
-72048 -18034
-69905 -26522
6832 24831
25659 -102744
-187 72904
-54511 -36116
-71013 -69720
-106538 -115001
-19903 -29858
-18649 -101438
96730 96075
-24144 66312
38741 82489
11427 59678
-78350 -17118
36412 -111294
-88076 77275
-30846 26773
-3379 -104008
31299 83785
-37030 62768
-101132 -6209
-50061 -108329
58707 -45797
-83886 -78187
63197 8019
111541 -52131
1401 -50265
115760 91701
-16371 57496
-66482 -34713
20705 -89845
-28998 110757
-40876 -106650
1057 -35640
40019 -88308
-31668 -2569
-1310 14954
-101508 73855
-80666 22502
-52796 -94710
56204 54707
-8406 -62452
-46820 -6916
-17785 78206
49533 14306
-41978 107685
-67646 41390
-21236 30282
-101382 15796
1428 101378
-1922 15293
67603 73612
