55
100284 50955
89592 25847
-43760 84864
-34048 -88727
70847 19449
80612 51894
-12902 95139
37367 124
54866 50710
-99567 103345
9879 63236
-8603 -24813
-45993 38143
31536 28869
75594 39260
12262 -89616
69836 -79523
-37071 43610
-5093 31991
-82601 -41150
57668 -63166
-104565 97341
54646 -92822
-15547 -80048
57900 31803
-93234 1786
102605 -7595
94632 95492
-65696 -16477
100313 -76426
13762 -83002
63614 82401
98914 -40533
3140 -33447
-36160 57143
-46514 28293
22645 17381
34107 -24858
56577 86539
53887 -76131
-101653 -45055
-41965 -63327
-46211 58859
98844 -52607
88531 -12306
-7715 -18176
-10602 -25611
72566 -56274
-18108 65304
-5633 555
79116 -102798
32924 -15562
-2213 79363
16002 87991
38372 36494
