63
110154 -85044
49151 -32627
-10604 98040
-39330 36738
-35871 -46956
54212 4431
-2635 5922
43902 -22560
-52381 42782
-25282 15732
-61120 72469
24288 -109656
96761 -35138
-20827 22066
97517 -90488
-73593 -110452
20112 -79728
-108388 21371
-63025 -21483
-82083 -67461
-29777 -21191
-59249 -40046
-17529 81033
45818 40337
45798 10619
65118 31169
-5115 5826
84322 -102330
-71862 -13517
-82023 5776
81067 45014
-47827 -99986
90803 -98587
48513 81239
87593 -29950
24408 23100
-36872 -63225
105681 -20857
-72857 -59403
-96411 -62813
-97218 39862
-92098 -104677
-64780 7591
-67079 53795
-75334 59817
-108434 -95074
60206 11909
85340 -79043
64487 37405
-3201 37333
-102427 -5863
-22772 -97592
-93217 -87598
-51092 -108569
10436 97024
-2546 -62785
-43595 62602
70132 -106509
17005 -45880
-27079 39284
-33682 72783
-100021 -75969
72874 -105147
