53
-35174 78048
-10495 96412
-11187 -3440
56640 14906
66240 5466
79186 44881
-93655 -92257
-94190 100111
-18577 -40353
82316 52325
59059 -2012
58683 -5136
58361 78390
-38629 -27957
73274 -96258
-21382 -63770
49218 -29004
-82199 89798
-43788 -23378
-13774 -59613
-25334 -85203
-73474 -22795
86263 -102195
-86234 82107
-39684 49803
50038 23411
26587 64563
69226 -87748
-12487 -88079
-6165 9944
92069 19851
58374 -66592
-77712 -55548
51027 -6243
3843 -15366
-47363 20827
-48101 -12313
-54932 -92097
-2533 27194
-59357 -12454
-53503 -40569
-71706 -50581
15471 95235
-9894 93942
11030 23518
102676 -78864
-456 -36334
-99715 -4080
29145 -92584
12737 -68754
-66894 41531
40266 -54901
63814 -51428
