81
41617 43899
109772 18736
-77557 60040
-37193 -58009
-20108 -98860
-1123 -109505
34842 15654
54164 -119432
24015 97154
-46274 22131
23952 -104755
-111455 74023
74765 70602
91654 46118
119158 87850
-51219 33309
-91198 5774
-72355 60332
59371 -121838
-58667 34848
-113537 58285
-73204 123503
4874 112512
80153 34171
119980 36705
-52465 -12762
-57010 53798
26439 122259
-49779 -95373
-77831 -118304
41150 56948
-107065 26769
45041 -103550
-12518 89583
-99565 71842
-113370 97933
83054 7929
-70939 -94526
-51129 -126624
-111985 124558
73477 -57477
119769 -84563
-82730 96068
52775 -97996
-15732 -80972
52013 -8948
-6795 -58154
-63929 -56513
1592 3920
96594 -84977
-127149 -3426
-10784 52647
78144 79261
-80294 -52057
-40879 76029
-87947 -120933
101079 17269
111518 -54481
-25096 -107794
-57086 -17570
29102 64045
122839 -86480
-40191 125525
42376 90596
-45838 -58214
15501 -73061
-38005 -44548
23629 20486
116780 21580
-103735 76401
-85734 -15258
-82748 -5205
-60148 -112478
71773 -50049
64293 -73965
-18071 -49975
-9936 124773
-48139 67204
-63661 -116021
28792 111366
124868 84416
