89
-104161 -26362
26167 -49448
19031 -76708
24866 -10002
-81874 -35853
-78726 22353
131730 -89128
-127484 -56206
-103932 -51409
287 93210
91432 36297
-23610 -68137
44367 44180
19631 31299
92296 80965
89253 91292
-28493 62163
-85507 96518
115384 63398
28492 57255
-50022 104685
-120592 -34149
-99009 -112476
-62583 -4409
91623 4118
64685 -35110
-17866 48644
-131989 -49434
-82456 106103
18176 21931
-80940 -29001
21170 50145
-50353 -49405
18363 -92133
-32699 93715
9317 -50922
40944 -14264
-4489 -73862
101404 84807
72428 89156
-43831 -39542
125661 -104984
105879 17249
-30819 -119709
-77984 -56882
-60211 48557
-93385 -27506
-37448 -132209
11190 60869
83950 73928
-15378 -57353
36521 57301
74324 132493
1904 43115
-129253 71142
62236 91235
109146 115636
-94875 -21490
76221 -88912
78469 88587
-127801 -6646
25776 -14904
89495 -62517
125180 20314
30579 53047
-119007 123451
69770 79448
-98995 37328
-112343 86749
43745 127893
113899 48251
43904 4883
90146 122040
-65595 73612
83137 46978
-15164 57378
43657 -69510
67535 -29845
39568 -37385
46507 18770
-73187 42812
132109 -53647
-115547 -14109
85552 -25041
-125768 34889
-38499 117078
28687 -80494
114293 118839
-52836 127439
