42
-53869 81116
19473 10999
24611 34529
-49268 -7640
-33300 49526
-8087 -32355
65665 -28369
-71660 -82778
-71194 29961
-59954 -83092
35607 -28259
44755 -57078
49252 29070
55877 71805
-88223 -6234
19715 -66335
87175 81837
4760 -70434
13676 5241
49307 -57325
46051 555
9898 69541
-20416 76547
-24747 58988
48575 6810
65058 -58467
-7071 -14582
89095 -59821
26999 63647
-18575 81792
25432 -54612
-67393 47046
-84121 -37336
38287 22787
49112 37633
-42776 -11082
4462 25861
66187 -67891
-32118 -74054
7096 4869
61319 -72433
59711 35225
