96
111427 -61359
-8356 -95746
117121 -54946
74555 -2437
40805 -5717
-82238 -102888
34791 -41506
90553 -93280
98607 132669
89742 -96569
108824 75128
-109957 -41654
93274 22865
-11829 104952
137656 78286
-39364 -51842
75970 106328
11663 -122000
99698 -80221
-4435 93847
6879 69910
-31536 86656
55089 127568
-69019 16225
31442 61063
-57982 -126872
138315 112850
-10406 117215
-97818 1090
66717 34384
42175 -1370
-86339 108135
-53033 -85382
122755 -108643
64580 -111788
130012 -96385
-25880 122733
62255 32137
-73922 107432
11261 48410
-27276 -39993
-71730 99376
26840 40612
20901 124679
111194 -34760
-38853 126746
-76550 -90204
-65325 -124530
-121339 -26411
-59380 12838
116133 -120632
-58155 -24544
46289 -89406
69551 -58847
-103382 115094
81750 88920
-124747 -110539
32100 -65604
-81353 -118690
81159 -34308
98676 -25125
71672 -123881
90109 -59752
110483 42697
-106405 -83352
-79986 -39684
70832 -35629
-46516 -107176
-42625 94813
-120459 133097
130413 62946
-35491 -74881
-81611 114090
-1800 -122007
-129656 -8695
-53390 -28675
-34012 -64773
-76441 129379
42368 106301
63689 6365
43632 -39254
-1150 51820
-129753 -105353
127575 130902
97327 97277
-12797 -95002
49515 94068
-77320 -45131
126570 -54688
-19146 101142
58735 -31683
90699 -57992
27876 -5895
80075 -49147
-68023 132777
3794 -23287
