77
62545 -68494
-24090 -61911
95284 -56434
-1849 -64926
-13264 -92465
-36792 -79979
104016 76474
50737 -92115
47196 64088
-48874 -68926
18104 -11796
-116411 36878
73617 -23461
-97809 -19178
40510 -17312
-22016 -30036
79568 112050
-107022 -68633
-54592 108953
96362 -83167
83893 60653
47773 -117998
-40320 87579
2946 -11677
-106220 -65563
-12778 -16977
51376 -103695
-14925 66727
-1144 46998
52500 -91012
69485 -51406
-22710 -123429
-118815 -104393
-117031 -28584
-59914 36084
-81955 -63023
117656 -12345
46545 -118403
-82855 -84719
39528 116334
106125 -83874
-123175 120595
43392 -43449
-66113 -26076
62598 -42851
-78887 43483
-120124 -31608
55512 111292
103657 -19439
64821 -56258
27300 -79166
108192 -23086
-103285 20447
-63535 62677
57927 21925
110011 -65955
-25445 85125
75022 -114089
-37588 110291
-54759 -56133
-47277 119739
-79469 -77316
-36294 112312
-90357 -121318
-97753 -45259
-93933 -82677
44161 86014
-88951 -53314
-46087 82738
42455 1406
-65107 -114028
-52767 53278
119009 67095
31970 -98926
82065 29646
106985 19574
-93846 88353
