51
-83407 80698
79397 55616
-82501 -35539
47521 -65866
60383 59580
31187 26177
-89716 -59411
2918 -68883
8958 -72031
79646 81945
-64361 29187
40482 66513
-65570 -39328
-4325 -31700
-3799 -62245
-61078 -50565
95127 35973
91523 51070
-24092 76864
68272 -55517
-5157 -28370
-60999 -11549
-17730 -91183
85882 70124
-77096 88344
88486 7193
31236 -10325
-86081 -19129
96791 27633
-81248 92982
98415 -58929
15822 -45285
-89436 33172
36560 50482
-42368 -8342
88384 -25933
17551 52702
13023 49223
39408 -60785
41233 275
75485 -16219
35613 17004
-24215 -15097
-69528 38566
-67446 96676
-27737 51306
-68266 53012
-14514 78450
-38743 40647
85696 2111
-27151 -76172
