75
9534 -69521
35639 -1295
-44348 15797
32471 17980
-83493 -27157
-49442 -31245
-98442 -92389
-48897 116683
71901 -88811
103715 -72604
-26328 21791
-88054 42486
29809 -43480
49521 90058
49076 -65189
-106299 -94887
-113577 50542
104650 2343
40962 -58641
88072 67857
-116058 -76637
102235 88839
-58913 64412
-86202 935
7463 -34014
13668 83932
-51640 -43116
-25022 -42770
-64325 -121089
40549 -1412
115255 65739
-32714 -118780
-95366 -85200
-91927 1282
-44653 42944
-55723 66673
37308 114521
18849 72258
4930 102241
88407 113125
-8025 83103
30387 -44136
121541 98195
7784 25293
42120 44536
43367 19493
-17513 9333
87712 -22185
-111881 73219
114471 56328
-78469 119331
-68094 -16827
-54716 72844
-94094 -102841
-34454 65681
-68479 105083
-37103 -61509
-75283 -27611
-114525 -4285
-53261 -11272
-48575 -43616
51700 96640
89626 54895
93199 8667
-32269 -47661
15139 76960
-109100 12341
12562 71956
-4952 89303
84202 25359
115408 -30835
-8322 117041
37423 68357
-71021 -82876
-8329 88613
