84
107753 32385
-115749 -199
-79454 51628
83115 -24169
75755 6228
3855 17546
129094 -78048
-16209 -51969
-93741 48007
-10396 97450
85030 -121465
38899 100794
-22846 -128000
7882 -110837
78644 106083
70024 -71784
63287 -77880
-42532 -45553
-64353 -48575
35534 -16099
106484 -70108
65929 -24305
-59656 104901
-93710 5939
77223 75748
6393 118422
-101112 -76526
36115 -76167
107401 63736
-81573 74816
66208 119890
116006 109289
93798 -37159
28236 -106879
-111742 53372
-19096 -4898
-70591 -83352
91088 -94959
-77620 79063
-83373 -41774
-10527 -38429
53722 -118802
-35496 -20210
-32665 -118664
48391 -27617
-67431 -84073
-2680 -11148
59399 36720
15376 -69858
-65604 118660
34433 -65333
14248 7573
26088 -43064
99123 -23480
-96929 -86118
46010 112048
50638 -50953
44855 -73902
114200 97579
-155 38871
4780 128390
82323 -79126
-93147 -107432
-121018 -74864
-68773 5295
-10884 -36442
21039 -9566
58923 120736
27757 -24243
-1401 -50715
15828 67422
61374 97849
-111042 128973
17479 42342
-50945 57118
-128608 54809
50214 -64783
-93249 -15115
128489 -67762
-111502 -7282
118367 -64644
61576 47775
63224 -55275
23219 -5940
