98
81369 -11810
-92840 138816
114657 59718
12598 -14155
-138842 -9065
-89790 -61028
132804 -128486
135402 -65927
-10643 38393
108638 93749
108042 48011
-65980 118636
-80169 -40444
27720 -22850
-127096 -54336
103140 -98008
77186 -70277
-43316 -125339
13302 92517
94094 49170
-14046 98763
-112547 103858
-130310 -91328
105838 105617
49076 28982
100480 41922
-53598 4314
42199 -27951
-74356 -139923
-104625 23997
61289 -22410
-110019 -49950
5844 131480
-21139 119822
110199 128988
120274 18884
-123364 -65750
-86871 16314
-54474 -81885
10701 95604
-10310 -1766
-44382 70997
-2852 122912
-63583 -130627
-9707 86299
-57025 76262
-71919 -115509
-53428 47561
112529 121508
42050 134700
-6382 -39143
-93585 -42498
67203 -40963
-41458 -71011
-83079 97184
-14629 -7903
66838 34630
-100103 -1316
-25948 102417
-101149 -49038
111169 97315
-81877 108513
118392 45191
-94013 132164
100340 54818
-82248 -61731
47347 -17052
-122978 72845
-134937 -88371
-17420 -112083
36284 90723
-84982 -105804
-115752 100719
-10562 33972
60319 -17075
73693 73413
-18486 13209
-135016 -109758
-6767 -101906
-83523 66479
98901 134378
83978 -38045
123174 120066
126054 -16812
56811 72951
-35901 103936
21252 -17783
118232 -23446
11400 88381
-86331 63279
-43767 -57477
-95556 16862
63318 18073
-95805 60661
-101670 -6804
94641 -103686
136625 -57696
-77948 95588
