66
39037 -2929
82807 -87034
32154 89541
54291 6206
46494 -68404
55192 12334
106805 -22041
35401 4206
-66439 -77411
82547 53170
-24113 -82105
13685 -87566
-49519 -47628
112078 25441
42607 -6216
-74502 -49414
42303 93565
-90279 90188
-40482 12470
110791 19749
47179 10649
-51884 -74525
1516 86169
-11337 55840
-27985 -46345
13746 25044
50989 88233
42363 -15052
101553 -25793
68632 -80427
-53972 -110541
36117 -45542
-58654 18347
-57890 -85082
-52771 77395
-75446 40703
-50161 -1277
-37608 112007
48839 -80801
-105309 -79076
41273 91441
-103737 -114844
-33476 -47656
-79472 73643
43008 -34298
-40469 1711
45920 14825
-66674 -108290
49045 22885
45035 71364
85454 91820
114260 95995
99818 -54122
-424 -73961
-94760 -4
-99120 105584
-25167 -49451
-70248 91142
-67806 99970
-52713 64690
86789 5267
-32220 18913
-89340 -91652
43536 66146
33457 -55932
-80587 -70502
