70
96891 92400
-112070 -53553
23947 55681
-5799 -92472
33382 37060
64944 10332
52225 -94285
52078 -64729
-33529 240
94305 -96125
-76509 45348
38765 -47882
66658 -96784
3454 -37429
-7982 -7127
-117658 -75728
-51355 -109101
3902 99200
-78221 -78652
-68348 40759
116508 -109092
33124 6305
-117416 -33078
-108404 108078
-48155 6850
70967 92267
1000 -91551
96483 62962
73769 35312
45722 84398
105973 87143
-61967 84696
-87403 39861
-88933 113517
-97244 -6486
-27284 -99464
46487 81461
-26938 -94133
-94890 -59415
63557 500
11341 114279
16604 55515
-87912 -77843
3204 -7031
28542 -103293
-32481 45184
-18774 33785
56899 -56073
-61193 -111749
6207 -41212
-59570 77403
116420 16965
-78955 35949
94200 54882
93647 -114382
-49722 39148
72497 -85602
74064 100205
-86836 -50973
95303 -39463
-41897 88813
-29111 -102919
69235 16627
102028 -11297
-23956 -92966
27167 -108572
71192 -27672
-62986 -108398
-9923 -5490
51607 -28270
