83
-54402 52635
7182 44141
-50308 -56350
-112242 -42957
16882 -1401
-15254 2463
58101 -117648
48308 -51051
116690 17182
-38904 115565
-104671 -6684
-10579 -119259
9356 11698
-119709 -92411
124697 -128527
-67250 40928
-52140 49759
-122203 115409
46900 87059
-49130 118244
-23008 63594
-52792 -6333
-109703 25017
111024 -40311
-55328 -14902
-6265 -98087
-108169 -92818
-100186 -37047
-54106 81522
85000 -30972
7620 65214
71433 -62685
34835 -110068
15666 -118419
-8426 26445
-126150 -113974
-3356 1459
-68918 43306
-32550 -29647
-38480 -92486
-41202 -19170
21945 -56968
5025 -122881
62661 30644
-1914 -23866
-44384 -13835
95369 92673
98195 -1946
38530 75896
-18536 96382
-12111 69263
-66963 -60391
-96186 85858
26718 -19220
-119737 -22480
71244 101340
-41674 114004
77236 -5192
73368 8400
33729 18364
-64019 -127914
8392 40531
89096 98677
-100483 -8414
29556 -34731
117844 33450
-69095 -79304
121098 -31371
-10681 2487
-72016 -92748
55227 -52989
-49766 104872
5866 128320
-31822 -92225
89186 -12825
-19440 22130
88725 -89639
-6712 114087
8635 -65618
-116808 89594
-870 -105386
90510 117340
-88263 -95145
