60
106114 6554
-82202 38641
-60014 -7575
93760 -52908
49830 -46490
3907 89087
-70509 -37395
76723 -95179
-15361 -22463
50389 79162
-17475 -12887
-40315 -95769
-62568 20419
-8136 -74079
-9317 -102628
-31042 -94119
38143 -57699
36090 72407
60655 -78356
-103396 4977
21719 34353
-53193 85446
9300 62148
11592 13217
13358 105945
-93558 5702
-68997 75407
-64962 -35157
103481 51492
-101281 60621
-2061 -13640
-74469 -32790
-61050 -99214
78282 -45043
17010 -42863
62877 -51707
-71090 -66447
-84473 -17466
109132 71464
-63960 -103538
-78828 -27948
-72727 80485
-56465 10094
23789 -91928
-68218 36510
87509 108481
50457 49360
22374 99208
63169 93462
-18978 33850
81303 -989
-60099 -101971
43139 -40011
103003 76372
-968 -55681
19577 -87033
11638 53225
40528 -80155
-74118 36523
-39269 -52333
