68
108349 90559
-101799 -38909
13177 84833
-71309 -84422
-1268 49466
43007 -80174
62762 65812
-72106 29846
67715 -29677
95872 -1265
41526 -35322
-3537 88646
42108 -99303
-22376 43073
-8254 18513
106459 51158
-45877 -109678
-16728 48401
-113637 110172
-49738 -99359
115357 12888
-25847 -58483
9037 112852
-87683 -35195
-18115 -44455
-7776 -98408
-4993 -65546
-14304 62177
-101919 40142
47196 -41081
89913 -32841
76401 -61627
-12181 -54391
44590 -76374
-83984 12189
115168 -7801
-49430 -29198
62774 75690
18354 -65827
-19816 34113
-63631 53452
70418 15285
104600 115245
-36281 -110455
81023 -59373
111968 -4873
107974 -49182
100713 6951
6413 -77073
-99547 87635
-22298 -23536
99321 -23930
57133 6290
62489 -48142
38572 -64296
-89374 -35174
-19687 -56420
-35009 -93633
60875 -14932
4241 -65368
32696 -38746
96900 -109876
115463 3313
74556 15029
-14987 -26018
-48634 -3386
109369 -62659
84524 22926
