56
-60683 -52474
-20166 104051
36690 94336
28838 25390
-55630 -70457
-36405 74421
11806 -21869
22136 -39950
-97137 -27752
28194 94513
-103957 66078
45537 33459
35333 61819
-65004 -99144
76432 43221
89190 -71778
-11349 70898
-19951 8318
-96002 -100034
45154 30999
-100120 42157
-37009 -81817
36832 -32280
63384 -2667
-40484 304
-42491 44250
-77762 -89213
-18354 -78160
-50737 862
81766 -25078
64230 -5893
-43488 -28439
7944 -56531
2198 95913
-62395 -56231
-34880 11173
62856 -61081
-47850 28043
82572 -70117
28679 -12118
98614 79513
21267 -89937
-82172 79146
-46553 -95047
-17095 -79910
28488 104777
-60563 20146
51676 91554
-52960 62170
-85033 104302
-99214 13919
-86374 -28273
-100895 73389
62510 81302
-61260 -82618
-87305 -103151
