49
66596 -10947
-63768 -40283
-87471 53156
94288 -3338
58459 -24102
35578 -10150
-3186 86634
-2567 69860
38364 61158
4237 87891
-52162 -85078
3612 40312
46577 -75810
26717 -57935
64079 78524
-29316 -73772
60771 -62794
-4642 76180
-46413 60257
-85351 -17658
-35443 32596
65347 61609
-53691 -70709
93357 82818
70387 -25472
47672 45536
89510 -89180
-97535 44790
2807 39604
51789 78556
-3573 8519
-53986 -39388
-61936 37242
-86970 49180
79560 -65453
71503 88537
65411 83991
9726 39674
-2755 -90468
-86151 58930
-62532 1338
-63667 49384
-72842 13950
-15952 -19305
33041 -6448
-61994 -36305
-94196 -13264
83400 91783
-92489 -8362
