54
78577 -25288
-47290 3623
92915 66231
71601 70150
32872 -70073
28136 10283
93219 -72176
71072 -84933
-22005 34522
100670 -23120
74704 -93638
-95271 58131
-10382 40444
-2483 83833
1999 20495
73655 -59208
35897 67497
-93188 72369
42009 -6298
94863 -10877
3030 -99780
40408 58045
-26963 -5400
20464 53732
1524 -2879
-5059 83964
15036 -21347
-93286 19148
-62391 -89658
27651 8740
-100509 -42170
-23479 -73925
-20564 7542
-47598 -57189
42147 60889
-82211 -33889
100232 -76749
-18909 20882
-16193 35906
-38258 57305
-56646 48126
84778 13330
26698 -102476
-44112 71364
-51904 66629
10651 44257
7033 -87846
-47200 100776
1690 56139
101716 -83151
82745 -31649
99921 27635
-97216 -49603
98602 55146
