85
116400 -46104
41771 90361
-80382 82907
-93838 -66178
6659 71290
107519 76913
96653 -83369
6417 -85150
82789 38816
-11402 30530
43191 -9661
25818 99536
31627 100449
-46485 -43031
5450 -39619
-94257 -54876
-110058 9423
125982 -34483
17294 84686
-77738 -48370
68268 -9390
98215 -71460
57633 -96584
-119241 -67310
-19813 -123689
-70100 44336
-13749 -612
118940 -351
98787 77159
-16324 103632
15334 -82052
-90479 128321
127537 -51012
103317 -69571
105747 -54160
-45413 -23777
3438 99791
-102852 -71769
64055 -5629
68408 -40338
-65076 -53689
-76862 -39573
118505 105327
55777 -20877
112448 -93352
75802 -76001
-128170 48483
-93910 -74050
-70749 -45331
18392 56423
33467 -71508
-121125 -89845
-71045 -45409
98057 91299
-68692 12745
-100822 -11359
1446 -68342
-75766 -60661
108509 97196
40523 90980
-91390 -49420
33869 -24732
-92872 49569
-77516 -86808
-55921 68615
68147 30239
-64912 -87912
-74878 74051
127854 126737
81459 90820
2138 -110201
109671 -35783
-50177 118626
-122474 -8427
-6709 39030
96139 15854
-24401 82571
-6346 54528
116875 123324
115913 46059
-130353 -78974
-8666 14443
-64921 -16004
-83700 -20868
16607 31747
