89
108574 40843
-106227 -99000
-48806 -66174
113219 -124282
100287 118959
-131938 128028
-111918 48098
103025 -9899
22967 92275
107005 119454
-55448 -10583
-43450 91573
120711 29468
-70529 -3059
-16974 -117181
-82463 45692
-21179 49332
-20323 68027
-6209 -122360
26149 23809
-79456 90224
105084 -127981
99255 101961
-122080 -4977
80235 -19125
27705 -1693
-75154 -74169
48198 46387
-63904 77645
-95663 -94322
-71903 -18719
-70929 55357
68100 21724
-16994 -21616
24073 37983
-95374 119243
62353 93959
-129597 107664
39330 49303
109373 -115238
-110740 55629
33297 -78472
-118823 -25978
31269 65408
-96863 109068
-89493 -55333
64372 -62380
19922 -112158
-56798 -128307
24084 -64552
-14129 85620
92390 77326
60734 130667
91876 -112353
50245 33533
42958 128049
98718 -51496
59042 -37788
107510 81815
-98184 -116482
-85590 -49466
9223 77656
-20107 11342
93227 -128383
131109 -60691
50160 34919
69323 109233
-48862 -123692
95970 118760
91915 32775
116552 17347
44241 80124
-33165 -76554
69253 -44104
-40410 -31539
104888 85694
31872 -132814
-54192 54658
-120366 -111514
32303 9576
53638 54346
-49213 -123495
-62266 35568
26987 -89572
-101956 -109300
74911 -57469
58494 -126556
-120174 -70293
-118915 -102820
