69
23986 -7724
-54460 -49504
-4141 60705
37323 -25073
73440 1610
19693 106761
-75491 98356
17119 89207
28483 30759
-15416 -116425
36125 104278
82574 68005
48640 32196
55296 -66416
-10956 90273
-45539 100056
62801 -52389
-115536 69446
51571 -39042
-80348 68328
59247 67997
-59300 54412
-65732 116387
103593 -54172
-110647 -13390
-79493 -87368
-52157 79852
-91954 -67684
9007 -87820
-112083 -74334
108990 -113500
29999 -31417
-55181 -73969
-80139 48684
-92881 49760
-102302 41806
-97509 7634
-27642 -79378
-4397 513
-74709 -16750
-76010 -1499
-81604 -52175
-12193 -94588
-104885 -24403
28933 54623
22295 -10251
104636 -20860
-21154 56351
-77540 62443
-60252 104378
-116368 110410
53516 -2774
87276 16142
-263 -9809
116473 109698
22164 49862
-44701 -14935
60505 19696
29572 84495
62229 -8627
89751 43117
-63396 32127
90507 -93228
2826 64031
-3685 66650
-107211 -10561
-61762 -107643
104980 -3228
96256 -22372
