51
80154 -52122
-42109 28707
-34918 -27942
-22577 69611
-52844 -85559
73821 33047
-23815 63774
-18798 31594
-12312 -77044
-73281 77083
93464 51251
69131 -46516
72351 -3258
-84820 -96171
-17644 59013
-45825 -75788
36104 34217
92147 17508
-18700 -34062
-83110 5577
41132 -11039
-57322 -91033
100209 43383
-63212 -68009
-78452 -63714
-60671 -74666
-73660 -14528
-97836 19744
85139 82289
-75058 42902
4183 55163
48541 -91438
67421 53066
91107 -77005
-40011 -95698
-82958 99822
67510 -69922
-3544 37395
-30120 -98127
-17364 -49488
-57630 -55371
35466 97095
-59037 -51298
-26531 -91631
2977 -41927
28559 47686
10648 66784
-20021 -75259
54761 19045
26756 73228
54933 42213
