50
-20666 74333
24247 -99068
21544 -90372
10660 -30892
-19420 22033
-58513 61214
29260 -92821
-28045 -34
-44740 81315
26679 28855
31048 53734
-42873 -266
-44677 7730
-36871 24911
-11094 75570
85413 -59452
-6908 -52076
-24245 -86006
-66498 -88725
-92440 -46680
-20743 -41657
-8076 78570
77222 22023
14169 -46031
-50202 -29651
49383 -34955
62277 -88275
83075 18302
78418 93205
89027 -17444
7212 -53935
-84673 31028
51780 56461
-43900 -28213
-14781 24705
34593 -93849
56858 -97959
17007 42203
-85586 -98442
24521 -61135
14467 -21441
47377 -47467
-8477 -31737
-85136 -22060
35803 10224
73761 5200
25403 31324
-9924 -67917
40038 56479
-13881 75624
