48
29623 96131
70254 -39402
4122 59031
89649 -58309
-59742 60424
51439 -21373
-66292 30431
-24513 -20645
36382 -69059
-45848 -81273
-944 -21311
88212 49020
49756 -70474
45936 -87035
-50833 -83764
-55707 -619
34352 -90730
-85615 -72411
-3898 -32499
9790 -83428
87374 -21174
-49441 36964
83709 36886
49344 138
-81855 30104
19365 -64124
-54638 -87095
45699 41438
-1052 43271
96330 26459
-42318 48056
52380 -27111
90446 -9545
-34116 -88453
-10745 -25546
-54215 -34715
-42674 83072
-77765 -58492
-2865 73836
-89911 -47014
-11358 27078
-44651 55306
59879 -72130
-30264 5267
34808 9767
8921 71311
8555 42850
95371 86762
