40
-61865 63781
41162 84856
65 4738
-53750 -57301
-83005 28894
-29250 -74207
48102 -87103
-18478 -60071
11562 -12273
-140 -55044
65187 22408
-11369 57406
38026 59979
-17079 5387
88782 41283
28664 37542
4089 -76157
-70561 24347
-19716 8630
-60403 -24291
-66627 29218
85680 40786
-48035 79628
-74739 29109
-79426 1718
10920 -8068
29863 56753
12587 -52228
13923 46792
4082 35007
42896 -89329
-10821 -50614
85578 -55497
11340 46004
-52411 -82676
71014 -82207
-75230 -69658
60064 4728
-18439 -13977
-80728 23426
