53
81114 89425
-51737 -45094
-63471 -92445
26264 -38179
89093 -18086
25419 42262
27808 62037
98343 -18044
-20484 -70341
62986 59620
70790 -74487
14675 -5035
-83123 -96987
-57678 -52752
41088 -97412
-65719 38757
747 -100120
51160 -98189
94859 -44412
42561 52979
68903 35987
-2148 -96235
44192 27305
-33867 51317
-39529 28648
14711 -88859
12648 -101350
-97295 80424
70430 -21751
-100236 49556
-89633 -91089
-10259 9952
-34778 -41258
40024 -69438
-62129 -38834
-21950 -33114
46674 -38182
16979 -30716
89970 -84802
50331 -63261
-46957 80021
-51379 -1564
73573 -80526
21585 38603
53147 96258
-97318 -68513
53536 48110
-98747 -20882
34919 25740
-78988 -49443
26727 63523
-13073 10779
57645 65770
