71
26063 -25642
-81661 -27049
93313 31214
-101741 -76335
92935 8607
-64089 8825
-80196 6791
76343 -73473
-80257 -98933
-77284 -68528
-7721 109851
81155 28100
15247 -83439
62314 106962
58535 110030
-27452 -69521
-45108 24227
-41753 -81284
24914 -80182
58767 -76212
-7312 -17591
70913 83070
70510 -32091
-39022 -114031
17570 68270
33619 52786
-41348 76275
-34537 -47836
54104 458
-10397 -93096
-63469 107062
100859 -113005
48672 65854
11465 28944
4412 -43561
-23772 -80482
116300 64891
-42605 71694
-61006 29090
-113177 106091
115014 -65866
58800 115383
-83313 -79695
6248 5609
-67014 94008
31592 -23008
-66297 -34984
29131 -105442
-45989 98118
88779 -23031
107907 -44729
-2582 77695
-5272 69301
-57832 -68173
-54407 -72384
-14554 20064
-4302 99772
54048 -52756
-13557 -110535
50546 -52238
99888 -17595
52995 60548
81193 47426
-83298 26013
100872 98839
3532 -3292
94374 -3700
-71839 102188
36220 -53447
-89420 -91052
74951 -102064
