43
51265 50429
53359 -67758
-29005 27958
11754 71951
-31390 84175
73672 -64977
17409 31933
-35767 -11136
17562 30921
23044 -87681
-15550 -14789
42533 44714
50851 73822
44187 -73585
77426 -31728
67909 -19092
-46115 72463
-39434 12599
56361 68227
31878 69530
-85191 67289
-65846 -66893
-66665 -2754
59636 -63626
60548 -9730
43353 45519
3139 4466
30057 -68616
55390 76041
43762 40251
38158 -36787
13321 -38397
-42192 -10705
89533 -38782
-68389 19653
-21683 84824
55907 30092
51728 63204
10819 20199
65201 -52926
79448 9358
-62043 -69194
69046 16981
