67
36454 40625
35696 -32558
-114054 5616
21761 86281
-89140 -22105
-87482 -67859
-31260 506
18147 67724
113634 9017
-91693 -104343
-75491 4201
48220 -21394
-70957 -72433
69876 -74065
45277 -86457
-50405 -49552
-98229 -112688
96175 -58375
104958 -94518
104719 12760
36905 -43229
63717 93789
-77754 -20309
-70650 73477
56780 -31339
6111 103414
-22200 12476
8383 95906
-7815 55052
-47560 71121
-26031 111490
84142 -31017
98273 -65026
107485 28132
-50199 72772
-51279 -76366
-84520 -69343
-88296 -9247
-60264 18335
58449 14889
-100089 -21462
-50827 -27879
43966 26018
-26941 -98869
92009 63595
52323 106788
-105768 -109472
104065 -69469
-86079 -56739
96404 68579
74432 87257
-97826 -960
-59096 -103458
60932 16037
-76609 69225
-107586 -51907
-65516 15773
37231 24179
-76220 101337
-72628 2103
85577 -11551
-24615 69807
-98848 -26227
75271 -12661
32717 -79556
101960 48020
-8246 -30032
