99
55343 -107526
92721 -99943
-110260 -136524
-54546 -137843
28063 -112169
-90793 -44677
49146 -134712
86091 -21820
-18287 47098
32576 83486
97040 107094
94393 -40533
-57983 -127708
95758 58024
-111138 -128059
20834 -128110
-56541 76654
-101967 -56587
-55933 69543
-38102 -55504
24379 80649
138763 -35750
-23969 47638
-56436 37422
-116629 -83477
-29411 -91011
-121712 -104099
18918 -95393
-86312 -135173
-139282 128979
59441 -96143
-29134 -104859
120091 41555
31793 -79226
57213 -29145
-38445 -12786
27035 101224
131903 37445
91335 -127523
-12018 116922
-61949 93280
-62137 -23569
83681 -45919
93072 57779
105266 139765
-39817 -84337
-119809 -57520
-30199 20941
-133437 -62566
114420 -119705
1646 79270
-15437 -2949
-136883 98590
-41137 15623
-128547 35638
-18758 50859
-18461 64750
99608 68250
20718 127597
4983 23388
57555 -115243
-126186 2369
-16298 1410
17578 73126
73013 -116010
109778 -64569
113897 114954
-61732 111849
30583 -49967
98371 1520
48064 -140165
-48687 -95633
-64498 22981
119127 -29567
-27768 46999
93674 58104
-62542 34460
33587 47798
13379 90322
-56868 111704
13916 120985
127766 -35771
-138664 -31351
-58184 -5049
-39313 136207
97290 136263
56097 -21818
-50195 69420
3269 46329
-54756 117941
92947 110937
126336 -44533
-34383 56536
-63279 -91812
135872 100085
-21980 -45983
-117492 104762
75585 9674
67890 -63649
