86
10168 14546
90631 -76376
72673 59674
47386 129722
-106918 -88310
70326 -22400
8309 -37716
25602 72069
47949 73760
-54529 -9853
-37460 89360
106196 114316
111210 -41211
-38638 64603
-50267 41424
126566 -38251
-113067 -114045
58476 11153
-44849 -106046
10865 -113775
-5584 96943
-27510 17305
-61221 -71720
-21108 26871
38988 112000
-55352 -31265
-67714 -56594
46443 53033
80456 -126314
80131 69800
68039 92030
-35585 79582
48296 80305
92075 -109276
-99873 -55945
-46468 -88240
62398 81803
22210 -106763
106342 -101183
-61735 -66701
-106990 46028
122109 89781
46455 111998
96537 92029
-7197 123552
-79765 -63718
30273 121321
-124173 -56656
39313 -21020
-5053 -118633
126870 -61451
-124909 52397
-70418 -3345
102164 -81757
77983 9549
130158 29759
-102799 71587
-118353 -16997
87811 96773
62244 117698
-115900 -12136
-10358 76929
39874 59548
-23794 122926
-89296 39686
-124062 54675
-57637 53723
-76793 -56627
31700 53913
21895 -79546
115994 -70058
95742 70175
19040 -13671
-81666 25245
74043 17347
-61281 -118717
-48140 -33157
-122384 -129464
95019 -79485
35818 -41519
-73705 -130750
-25752 18016
7000 38905
92426 -121060
-126305 96365
69219 -42483
