59
41958 -80836
-65778 -57207
75678 91465
-94725 66347
68719 6899
24044 -105794
42336 -7950
-16965 88888
90812 -74721
43032 20110
-53587 27397
15144 -28081
-84407 -65908
99793 -83148
44146 -85286
64611 85774
-99163 61860
72592 -16430
103317 -17153
-19895 -48766
-46768 76000
54981 -107174
7964 -104990
16141 -63618
-8169 8312
-38120 -48539
26334 -37446
-10536 -8946
37859 92227
24134 -70106
92609 -36802
40313 -8371
-25275 -13269
-11310 56941
-39261 14706
-1020 -68345
-74812 -32033
-29522 -92875
67771 -35094
-75976 50248
9160 19860
-40803 65088
-38165 -16091
-57816 83164
32764 -81401
23559 -23403
97230 -102942
107858 78739
-80142 -95746
-64479 -25297
-55869 -18358
-57179 -68042
14427 46066
75945 -57867
38186 37695
-97635 100211
-52266 51503
98639 4871
67114 40561
