39
-63849 -21260
85153 -76687
-29675 87723
-42290 -22750
23614 1093
79002 72784
-69334 78360
-30169 29411
68381 63973
17611 -1644
68284 2931
-44680 -4989
-9162 -87805
-3637 -64131
-17246 -48222
-22981 15319
-88189 -51582
-82371 28295
29888 16728
79623 -70414
-62143 56213
-64992 -64486
16799 -31549
44623 47868
-84880 59155
-40279 38949
-11926 -71385
-55394 -80438
-78284 -21572
46784 -53023
41437 58592
-3740 13838
-67817 -77345
-67313 18157
-42886 -54445
-59435 13765
62390 -18288
44016 -68622
-62274 26160
