100
84311 -52882
-35887 -129664
-27055 -16123
136143 -11547
-105566 51424
-69353 -111497
-31601 -16244
-130381 113109
46392 -21439
123573 110442
93209 63609
128084 -42482
132436 -72674
67829 77326
-26153 -58650
136588 -45207
-65471 114605
-122047 -42970
-4942 -91518
-108717 -92991
106178 -69419
114566 -52941
125567 -115664
-24041 -111727
-1031 65658
-103794 51959
-65404 136702
-12748 19024
-47802 123736
-124263 -113747
48826 -13985
115137 915
-126062 3072
86673 6562
-74858 -35668
-115449 80952
136204 134240
-14626 -80576
28589 104807
-33110 -55747
36374 63480
-75335 -32691
47588 -1934
-54984 -50779
-90728 -118271
-111920 -120964
-32 103740
-69496 1428
104503 -27292
-26303 -117893
-68090 -98988
13616 121712
-100977 -105216
-138883 131950
40921 -28474
117908 -139973
57271 -78401
12285 126929
29285 -110424
52266 3433
-2630 4084
40198 88458
-78817 36518
125482 18332
-113188 -113065
-99770 -90229
-140006 -51440
9700 3914
139941 79755
-82210 -129119
-129006 -18925
-127598 78196
128488 113003
61104 133172
85909 133734
53750 -125826
-99325 60378
90144 32916
92953 -6505
-18014 -128862
126808 40747
-6012 -128003
89269 26110
7760 -124012
-126006 41307
-43583 102208
125990 16351
3151 -133764
-55594 -97920
59668 -83532
-59147 -95243
-83577 26537
68356 39010
-89709 100134
83932 -46847
27400 -117563
-82885 -90183
105136 84697
98999 -87469
-22143 -139347
