60
-41140 -58104
67525 88333
-26912 -99212
-54599 91230
86252 13372
-4405 20786
104580 -12675
-45948 69557
-57739 -24828
-11408 -58375
-83219 13437
-50849 56242
38879 -25047
52088 60839
74189 61177
-69966 105348
-98164 -94689
-55670 25314
27136 19217
82923 88483
-41590 -39643
-94754 50130
-94144 97234
-6024 83541
-35812 -96385
42895 -97744
96157 62024
2940 -17159
14786 -41084
54128 27067
-97535 -76869
-26825 40434
-39348 -21839
-102843 -90023
3212 69378
-72890 7922
-86000 10412
99088 -26503
49436 78515
78187 65301
101996 -65194
-54590 70189
68080 81818
97698 -70780
101100 -107407
92972 72535
-89029 22152
-70497 -92442
74122 -39133
86107 67729
62119 81666
-101510 -16246
48800 76121
33995 -45182
35603 75872
-15718 -89714
-102130 45364
95398 52687
-15332 -41984
-49586 -2742
