64
-27404 -75365
-42943 -68303
74317 32084
-107315 -63112
-66413 -76153
-48251 36703
3647 9519
45021 -43395
277 -20143
-40330 -18336
-91677 -31331
108405 54146
-40105 26786
108521 -56153
-61335 32157
14297 -42937
-108008 -18847
32798 -96774
-71059 -84832
-71717 -38666
-21581 38542
112761 4039
-60806 44959
-90956 82171
-88859 111991
28857 41163
58512 -111955
73682 -71290
-64302 -51534
-57302 18789
-92789 -44864
53282 -99487
17231 58445
-64120 -85091
-40561 -87789
-110854 -110791
4185 30693
35703 -33279
66989 24456
70460 54330
-38118 -111325
57139 -42531
-95500 -17418
-48429 29553
-47573 -37339
-5843 30629
79755 95006
-113120 67238
13873 -70382
-99958 -99147
3002 -111033
111120 96177
40749 23868
-36307 -44936
26392 -96773
-32932 506
31459 25401
-2553 25670
47356 -50508
4047 -68684
16804 47714
-104483 49045
45582 90756
9608 72528
