44
44715 -45568
-84217 1733
-31207 -40073
-25071 -91069
-58935 43919
83572 18041
83045 -37054
52427 36770
-60255 93777
46161 36428
4854 76447
-28851 -65596
-64888 81622
28156 59101
-91905 31702
28167 91571
69086 -88865
-53168 -74352
90730 53912
-34889 -93641
54508 -20712
18170 -18717
-33834 -53124
32191 -54474
34882 -73843
29700 80877
-29461 26449
14685 -74190
53335 25231
21062 19564
37342 -73536
85992 -82557
-10802 57711
-77704 50422
73028 -30277
-54169 80737
-11982 -42466
7787 -13105
-3760 21652
-76956 -31639
-70075 42508
78087 -66323
-76179 -28606
10077 -17989
