58
13163 -16120
-67029 46202
-89097 -82067
90585 -7729
-39214 -38965
61489 -48629
-96309 -75997
42906 -10897
-27354 -2655
-8027 100580
-39787 35440
11730 -5490
-64322 93554
85027 70344
92830 -57533
89361 94723
-105816 -67923
-9822 35354
-36541 91836
24520 -84272
22196 -24283
98628 80541
104319 90083
-105502 -4853
-98619 -70602
18559 66917
42453 103108
-83375 -24759
-12337 70125
-22107 -71304
-81498 -42211
-57254 -93490
67561 -17415
-49370 12312
33185 11965
-105358 51430
-45064 -72504
-6748 -22371
-67797 23417
-39493 -92272
-8885 -90839
3700 -83300
-9944 -94217
36861 -8968
79403 -62761
-71320 32670
-27867 49333
-83676 88835
-57223 41185
-55243 61480
63110 -42653
86819 71360
4039 15586
-33058 -75046
47489 -46319
60696 18114
-97994 -45218
-39885 91853
