55
38809 678
-68461 102781
1004 -24514
46927 -19196
-54803 -706
21108 -84377
-90398 -68844
-94646 -67624
-662 -63049
-98969 5843
-92780 -3074
84259 -13711
-9416 83918
42703 7281
-30147 -63932
30386 -38486
676 41401
11123 -48690
-35688 93268
88552 -82229
25616 78901
13019 973
62072 57416
99311 13047
3887 -72435
29264 59695
-16310 82757
-87726 42302
-653 72409
-97172 -76389
-26052 -60383
-72222 75412
-73410 75735
76940 -96074
-77165 -81279
51701 35645
89434 83049
93513 26241
20298 -51533
-75152 28067
52664 -97621
85199 -20802
41298 -691
46339 -65282
85930 -29024
-96349 103820
-66223 26397
100254 -45852
47093 22305
-75853 -48191
58219 -65190
40748 38505
-12464 -37744
100873 29420
-36278 28825
