49
15587 94251
35890 5248
50154 59576
-29509 65611
33440 49966
59196 88380
7587 4004
-23867 -42329
-54717 -28972
-15600 37468
39203 -70177
48860 31609
67 46156
46857 -39558
78495 -31206
-14667 49442
41115 70136
-49088 74948
-81559 -49724
-11589 -97453
-89713 -58376
77544 86194
-82778 62381
49956 4049
38752 -9594
-83682 63653
-66642 -34946
16971 45369
-38211 52636
31422 75307
-66702 -76180
-43762 -59361
38507 -42705
-59307 -6977
-92869 35405
-51796 64469
54337 -61099
-14830 51331
46406 -56357
36989 -28388
-11418 -94558
53891 -36385
-19684 67191
94470 -20473
33073 57295
840 -23789
94555 -51663
90037 -42259
-897 67239
