84
95152 -68807
22484 -71890
77928 -101500
41647 -79089
-119125 91982
37306 -129599
26794 -107391
32159 -116382
70043 -126091
32502 -31300
74719 -78860
-83878 -19710
-27652 18003
-66966 6701
-2046 25626
-22541 -63034
63147 124347
2236 95349
-32099 128689
-117962 -82608
-42748 114470
-58923 71478
42957 -52300
43875 47444
-22229 -89724
-13111 -121716
99395 -121801
-3414 108043
49517 15257
-47588 13026
129138 54509
-87884 -9445
50410 -78198
-2783 -116740
-82597 -72704
41658 54445
-45092 -68812
56293 -69355
-99237 19269
82813 117077
80779 -101766
-106826 19541
-64683 129359
-126770 62586
-50723 103723
77321 102823
34334 114206
-25250 72523
-3259 105416
-109919 10388
13683 94877
-118841 -64959
35150 -68490
66279 42434
41415 94366
-27261 57733
-40508 30216
111466 91355
-31087 1959
83099 40699
9957 7357
106730 -8060
61044 -18693
74013 19332
1318 120644
-69307 91126
-61415 61338
61269 63479
-42873 74383
-91327 -6316
61002 -82687
-62655 89552
3766 -53020
-75407 -125825
33214 115539
-40796 21941
-100330 -86185
107207 -91238
-88909 102856
-77566 -76612
-964 -10727
-29226 -37207
48281 -25854
-25281 -62309
