65
195 -8012
79444 -91982
17003 -65019
89566 -26460
-108346 -7636
107338 -44374
62909 -113302
-3979 -83020
57476 109142
-99134 -63088
-80320 -93610
106072 87690
-104261 -38233
112065 -13011
-69535 -99965
-89094 -21899
34054 94992
7700 33469
42594 -23298
14457 -35321
84002 60866
-32877 -6053
-105995 87968
-85958 -68581
-34540 80962
47609 -33304
44592 69882
54686 15335
65204 36203
-68548 -27081
63542 -102860
61487 -107621
86186 -72
-18440 -48455
-64026 -21324
-59726 -71628
100464 16194
-17355 -13881
-19273 -35600
-67816 -40295
-97535 24014
-16318 32093
-49886 -110034
-18002 -89859
70824 -25222
96935 28373
819 7429
-108766 -17869
64442 32315
-93603 -29960
-15289 65158
-42170 -14530
18275 75381
-69887 107269
-113956 -22258
-76131 79513
53432 33269
77338 -1149
-65115 -57724
48285 -35442
-84867 89435
-77589 26631
-57832 89972
-111015 -13345
77005 42940
