41
1773 -38002
66353 49958
-34965 -28525
-82156 81816
8748 27190
18503 5613
-47036 -58186
78639 63767
-48529 -26688
-25434 -57037
-42143 63901
19843 -40303
31961 -87540
82452 -45685
-21704 -74991
-48562 40987
-59436 -16830
-77040 72700
-22919 39058
56316 -87500
23343 70026
-42838 11605
-68927 47461
27719 -25504
-59852 20656
29544 -45412
72363 73822
-66577 40301
7166 70418
-56300 14532
52394 27363
-38670 -69373
-16364 -12998
36217 13543
-34778 -3789
-84696 15003
-72382 -26506
-37790 59642
-47288 87408
30647 -2246
75972 33859
