75
44032 -88469
-60919 -74856
-115398 78981
-109148 47481
21211 -25685
-46934 -63820
-109626 -3680
9080 109792
109501 73293
-38740 -57611
19232 -52091
-66793 -37333
101861 -93144
85753 -64069
48807 -120570
-51018 29689
90563 19049
120205 -68403
86879 57629
-104683 72133
35697 6496
93707 -24742
-38701 -49843
84394 99576
52677 97153
-24138 -81401
44679 -103413
-33718 -3324
13800 -100635
2282 36984
90640 96407
-63795 114456
-110524 -54668
110851 29552
13097 113184
-4589 9335
8881 -97991
61078 84795
17387 67859
-49672 -74294
-122280 -13061
35168 87495
12479 -115415
-20236 -107099
-97008 -39995
82313 104656
-103028 -51433
14648 2748
-47249 -54622
51561 39197
4622 93310
-110686 8270
58068 -53799
-16657 -32402
-54874 105899
-73125 77854
-105195 -43525
40673 58253
-82424 3614
-73392 -54089
97528 96592
-23149 -120897
93164 -91589
102361 -4938
-95108 -66297
50020 -91561
-46244 -93973
78940 10192
-4434 18640
2390 106030
-296 63786
72559 -92944
94900 16640
-79864 113314
103464 -1044
