81
122946 -114968
36624 -102533
27782 34776
17511 43477
11790 -44901
94908 56669
103665 87631
-9976 61339
118713 -113754
-92178 -22719
-33379 106716
-8661 127181
112774 106369
-58808 -23126
-90321 117401
44483 32422
432 -11749
-103845 64758
-88242 -98862
-13098 -53293
-24090 -53605
-10750 19735
105043 -14984
-58334 -118903
-16832 -105027
111664 -59802
47960 -45152
-9832 85672
105074 -84610
-59974 -103154
78091 -28472
44074 -54582
106473 62736
-10494 87522
108198 -50843
100596 -107529
-31974 -243
11737 678
101519 6956
107679 124326
-20341 30837
-73469 2371
41705 -59609
74871 29706
15189 -98957
-98028 -70332
30200 -57693
-16096 -96631
121163 -68186
-32068 1234
-62265 -69610
25898 32477
-92835 16468
-110708 -106392
-108315 24751
75465 -92778
-107324 -32182
48901 9339
4827 123942
6015 70205
73263 98568
54208 -126825
96003 34515
126286 8831
27040 108567
35929 -81158
92685 8141
-103049 42231
37565 -28812
34058 -21945
-95990 32645
-57855 97590
-119493 44656
120833 -99980
-120821 -40010
-60773 17913
-114752 -29821
107096 -13234
-65683 -79172
-122758 -22806
-92353 -43722
