41
27847 -51146
-57449 -14933
-89699 30336
-77867 61291
87950 -67238
14881 -6634
28222 -74924
38720 29133
89292 57260
-81541 -85691
60542 89374
86461 -70542
87242 -81760
30044 -56195
-37081 -21978
37675 13467
15169 -29495
17566 41493
44158 13208
77963 -59207
77761 43451
-72663 -17919
-10783 -47713
-42221 44824
49033 20208
25532 56668
63969 48985
82310 -25610
-70455 -60221
-776 74556
88400 49034
59825 -31713
-80196 62407
-40548 -35459
-65636 1890
-88594 -61482
-26916 84026
-4742 59694
59358 -81349
65549 -18591
3087 -13329
