91
-126174 116427
-95660 100867
45530 -73754
-93730 74555
-123509 101067
-70124 -56982
107736 131999
34732 23859
-50087 5392
100892 52755
-87024 23172
101026 -1379
-126758 -28381
120419 -119575
121829 47905
45405 -26701
121744 132651
-129428 79961
63626 24494
-4961 107888
102763 52481
93416 28202
-102649 13282
112770 21039
17189 113400
115679 82685
75376 -28228
-119246 79771
129805 1979
3413 -95012
12609 -3216
90097 -106685
20693 -18367
124229 40602
36151 29592
116031 83433
-54381 44654
95986 -101494
-88862 53706
-5258 -100807
-31985 43865
49264 -83718
21663 -45855
13245 -9190
-8784 29876
-41166 133995
23568 23713
132686 -94072
76232 60303
-54172 31896
-27866 7236
34469 -9421
-25812 114951
129373 -111712
-759 101703
496 -23376
-2745 -57796
57866 -133320
-79758 -27585
124520 -79824
-16045 -104335
85271 75222
-122987 -82107
12271 -19212
100937 46302
-41264 -103952
-38734 -48691
-98733 -37074
59187 -11166
80723 -23867
-105024 -45654
-99290 73716
92791 -115298
-124384 64421
-38917 -71436
17354 123432
-67109 -84163
-20543 -87148
-18720 -97824
121576 -71523
7597 -24440
-2752 -74300
-83625 106502
-459 87513
-1979 -103917
60827 119842
-116367 7829
73832 101526
-75118 122396
53218 -18658
111445 71901
