54
-29014 63179
56320 10923
-22886 -21332
47747 98143
46486 -65351
-46001 81517
-7889 -34881
1050 -103687
59369 -85137
-51145 77986
-53403 -36253
-21209 -89450
102992 -16795
78333 91699
-12735 -94148
-35708 101335
-7446 -20183
-40650 100461
16537 -51446
100580 -41107
-76339 -7644
-30975 -95938
-83519 -74300
78148 94519
-69976 -41121
40993 72445
67373 92370
82303 28385
-12525 -19707
-92742 70745
84740 -30825
-60658 58795
-48882 -20801
99251 -81186
57112 -29617
39487 37114
14736 80070
-68186 13798
47920 24700
57032 -43086
-42387 -9006
71049 30251
-73057 -93860
43309 -61151
96047 807
38561 -12223
-64267 56659
9350 24977
-95684 -61015
57019 -85473
12062 10887
25704 -25310
-1215 -103150
15542 -44123
