49
11953 20989
53644 -14670
80747 -26377
-2119 23527
-82962 36109
13392 25016
7224 -52472
-77982 -75369
-147 42248
35611 -1666
-20807 55663
-70532 610
28525 -82679
8887 44771
-21358 77279
23876 -78465
12420 82488
29345 -82198
-63901 20425
87223 -58951
-77460 81558
-26904 -60103
-36050 11972
12792 -52618
46733 -47096
-68474 91022
26325 -87053
-97938 -23483
81076 73587
-17201 -64266
-21873 36624
94704 -22584
34672 75727
61323 -45873
34283 -44480
-77666 86036
66112 -20418
30253 10982
-66465 -79627
83078 -85607
53512 -27002
79321 -67307
-98776 -34696
77036 78659
-77675 87201
-17900 42894
-31990 26838
16505 61976
-80386 73725
