48
-93541 -48941
-16232 -52381
-97771 27612
-18721 -1549
-96647 -36686
77460 42897
-20770 -51846
-61553 33652
-38008 71335
-45771 19399
-82527 31908
-66424 -84102
-64863 -28417
4141 8661
19940 -16762
24253 18622
78324 88915
59629 96686
-29050 -43742
49360 5250
-6751 29658
-61782 -80102
66349 -94561
-18261 18726
44529 96967
52294 75273
-19562 17836
-77421 -92457
-39117 -67973
-62883 37122
68113 -39420
-10713 1214
92604 38574
-74723 71641
70123 15719
-52206 -44834
-66852 79012
21965 82750
-3439 -63092
5910 86097
84781 -80859
90349 96282
-54113 -24278
46020 -5161
-4532 42212
-74814 70166
-75657 30236
-29767 46900
