40
51601 -62452
35316 29981
32475 8618
-26094 58620
-78384 8308
29026 56121
-7540 62544
-87285 -80280
87426 -45558
-86356 21680
-33998 10099
87730 70432
52213 38754
-20629 -64094
18277 84717
15882 12365
78457 77364
-2031 -45473
-48298 32772
-43960 -17107
85946 33605
-60008 -27684
78598 822
70670 -12600
-58171 -58470
-70734 35957
-53798 28945
6481 -81734
-71042 -75425
67666 2400
32687 -45989
27107 -39770
-76098 54243
23314 -50191
-60962 57933
38678 64379
-68423 -85841
74565 -28285
-49007 -37617
10396 -9651
