44
75034 83179
-32424 -33174
-48972 -93475
42534 30818
61966 -67146
52483 -19976
-41901 82930
-65593 -77093
18036 46217
-4070 85501
13478 41402
42642 -77772
-13789 38059
38226 7380
66933 -83374
79329 73157
-44951 33552
82895 90792
52888 -54376
88761 -6096
-52062 -21489
1734 -54994
-47488 26312
-73175 -46250
92695 73384
-45005 25487
-53282 -88400
87018 -44894
91522 31061
30673 -25860
-63713 81119
20903 -38442
-20622 -92834
-3875 -53309
-36701 -70115
13168 -39791
-36000 78779
-19571 -61792
-43237 63747
-29745 -90155
-32772 -2705
86491 30908
-23988 48214
-75300 21236
