71
53334 -103017
-113442 -17523
-17981 -112881
83884 116144
-76906 62626
-68444 79932
-16592 28364
92612 92822
-28661 -72654
-10764 92497
-109842 -75083
100130 98248
-33941 -71726
79792 96366
111709 -47912
105539 64536
-109106 118201
116490 30384
49180 81485
107480 -52789
21421 60850
19198 -46946
-50610 118055
-76238 -52995
69781 -93322
40012 -69168
35102 -92599
-16365 -4448
-25500 74148
-45535 -47734
-65737 103550
64298 -50237
117049 -113122
26260 -10556
-72663 -72063
-90740 81700
11282 113087
-35159 69731
-28664 -97968
-60772 71397
-11261 -78306
-109482 25689
6977 65370
-11422 18614
-94853 -2775
82901 25363
111352 -105126
-105619 69428
-61672 -44422
86622 -1015
55819 30778
66777 47963
-98817 74447
-111414 17409
-68767 -5214
-61985 117963
-72146 118041
-76629 63498
64978 97710
-14219 66573
-27583 -75884
-112874 -81180
-20384 -56775
-21960 -33320
-3969 -42739
-60801 114821
35390 -91669
-59624 -51330
57873 116105
102075 -51544
70308 101004
