86
26230 -58411
71040 108090
-6912 76279
-6389 11418
-26600 124252
-85618 51828
-70606 -127905
109138 -99046
-30442 -72476
104562 70991
20076 -10810
-53921 89902
52904 41537
-47739 8411
65889 -23657
112564 -98783
57835 -64419
-90341 -35294
-60428 -4257
73345 92288
106227 -129677
25428 -9569
-75754 127383
69450 2913
5698 -106230
119114 99159
62481 67763
62735 -24611
-89607 -105533
-105076 -92001
-126085 -20492
-20932 -109884
-21416 74046
53791 -17108
-22335 -105248
72599 -39180
-2244 -113760
-51799 56128
-80083 116682
87717 27785
54597 -127474
-9810 14317
-11376 -29244
-51609 20302
-30265 839
-87524 120884
114813 -33466
-5939 -81925
-37664 -46558
-47961 111305
71383 -34609
-9166 -111798
25508 -74364
124207 73802
44366 -95171
-120156 8611
-108600 50781
-52230 103788
118652 -120983
12528 -7818
-66128 125133
52299 -16656
112547 765
-85681 -74469
-57168 -123460
97180 -77049
-101163 99864
43187 -7562
-17933 -17315
79788 113254
-37924 114420
-103723 77394
4581 94777
119796 -99822
-29068 78232
-8894 93183
-74923 -126794
-59041 -90433
76911 82534
-120146 -84253
25217 70856
-77726 117924
-42831 19407
-10723 116743
5047 127543
3623 -100997
