74
66181 32753
10014 -38035
67025 13341
-55304 -12342
77269 -67718
84169 37803
-6988 78169
55111 35822
113648 -87752
-97698 93657
26949 104427
102391 -119071
71383 -61984
-1372 69301
66027 -17657
25057 -109527
-107926 -2743
-115329 39957
-11941 -116430
-18943 -112649
8363 -90098
-21560 86373
-14731 -38506
-20893 46377
-34552 69396
-7035 11915
54192 -24857
37045 -7710
-980 -104951
-19212 -43447
35771 49227
-10890 -10450
-73951 114055
104702 -113052
-54657 73005
-57236 49236
905 -43269
-77331 -67614
62808 -72034
18492 50172
82273 101752
-111231 52441
-68125 -5005
-76489 -27157
35636 -91660
-43491 -98796
-62697 -5514
-93191 50149
-70290 119519
68248 66233
-59969 -44131
80099 98843
22525 -103855
-5134 100454
1089 -33935
-56276 -4186
-64913 94598
22717 102018
-120122 79444
-83465 -83384
-77403 -5163
-94082 116302
103547 -81718
24394 -23743
-57907 58731
72719 -91293
-21505 94999
10601 -119217
113603 87641
9715 33615
10201 66059
72513 76403
8640 -2856
28804 29539
