47
-45159 -37708
-51047 32493
33880 -48678
-19820 -52410
82818 -64536
-71911 -73040
-26565 -52331
-3838 54749
47229 50525
-41178 78826
-15578 33012
-44421 -64778
22896 -84304
-53316 -69005
44429 66580
58431 -54818
60140 77982
84282 93423
-34873 60594
18676 80311
-13165 -594
14361 -83282
46534 63768
-85784 -67780
5407 74440
10035 -85954
-58456 -23314
-50286 74384
36655 52696
-18614 -89695
10713 -44553
-28669 -92915
-92484 23386
68764 -40010
-61461 76676
-67571 -80619
-73576 54517
-95422 92592
28939 -50220
66336 9288
83446 88701
-84188 69368
-65493 -93868
-18350 69075
-9811 -56597
-13966 -37100
34955 93276
