94
3721 55068
5629 -59410
95975 -77270
-12954 65525
5652 51402
28769 90100
-11016 -117053
-50228 -80803
-36535 -127193
-49017 -86759
-48013 42783
90106 -120567
-54800 115414
36876 87709
72531 56213
-132784 103940
130570 -83819
93593 72884
50201 117077
-11941 -41607
-42346 -103423
-9782 50171
-86108 33440
131184 -100980
-65236 43080
-20992 50685
-43157 -78070
-36069 81965
124495 -136823
-86417 81986
-97858 -65629
-112868 -40751
5409 -96670
35969 -95443
21100 -101563
-58809 109493
-1900 102137
28345 -133007
-29247 89024
91535 -121584
-33557 132367
81920 -46992
-9805 -119956
-46037 -4129
-77551 80993
-121897 35432
-48638 -74921
-64016 80375
62366 85431
-134521 -12614
84397 -64175
-108309 -42599
115519 92039
67811 122297
31498 -67318
-78787 -61860
62543 104599
-98312 56207
-111130 4525
78747 -7946
27336 3842
80509 -77671
-129946 52485
-61087 78326
-123446 -41127
40065 20482
-106689 -25076
-68530 90177
64876 128851
94171 -133602
-68474 -77621
-134484 46944
8023 82534
94624 114039
-92179 -133278
7871 -66930
33392 -36597
-23097 -22286
79619 -48034
-83652 -109102
-85681 129174
119501 -120849
91236 64796
-19882 -11165
123280 45281
16512 46181
114991 53847
59176 -130005
5189 8559
103521 9476
71165 -130214
-32717 70551
-2900 109153
-134410 71473
