53
56163 99068
74823 -55836
62238 -60979
66385 -13118
92415 35521
-3477 46869
39574 47022
9981 -48410
16109 69457
73686 98665
-54640 48910
58865 7016
85423 90050
100033 69509
30257 18577
-35911 -70847
94579 -466
73710 -27650
-61520 100178
93811 -34637
7763 62138
97656 -75988
59871 64483
-53570 94555
-31153 -9596
-92793 68079
-61116 -80917
-50037 96519
6116 66582
-7555 101215
-100186 -50423
77585 -46986
30388 -71822
63210 72242
-26749 80625
-37281 32551
37060 -24876
-1222 -58939
74824 50128
68921 -45967
-65026 -74281
-13688 -73361
-12881 24780
3351 66428
-79804 17079
14975 -75684
-44218 -26121
55343 39283
-68695 79779
83532 -4689
-53992 -16203
37099 -30892
-76740 62538
