70
-95791 49415
-61449 5714
94602 -103720
-101747 -26562
55887 95338
-68156 15137
-49708 -108117
-64992 -23502
37294 18162
56426 -3283
-104933 71202
105939 -53258
84745 23907
19007 68403
-99182 -16120
-37388 16722
16985 67581
-62445 57866
7874 64731
-25372 5471
-70194 -20295
-80674 74769
2792 1536
103352 -61188
105165 75980
-58620 3844
-21892 -117783
-44887 -113590
-81094 -103134
-46749 -38389
-38406 -79072
22462 -97645
96087 -806
-62914 -91381
99411 -70563
118150 103627
-108580 25816
-34186 7948
-65736 95504
-85001 -32343
56919 -65093
38123 72617
-72247 -67165
-90327 -73586
31359 -93141
-110854 32235
56681 -11558
29877 30893
45992 102164
65371 -103605
-57202 91067
-38053 8406
-12008 86105
91254 14181
-9027 -41304
-18651 -81476
73518 1838
-62778 39020
28429 74733
-107677 -73604
67698 57111
115293 -78265
-22656 -1172
97370 -38554
60073 -52148
47502 -78189
-113917 232
26297 100189
104682 -14813
48634 42860
