69
68391 20045
81301 16742
10602 -11123
104646 66107
-84925 -111024
-6173 -99366
-58148 -47096
22716 -99602
-63607 -43787
-87698 78658
-112301 -52176
110975 -109307
-83558 -16210
-78532 1014
57627 -5070
-68808 74165
-50936 -27700
-7889 23029
-65165 -76417
56795 27184
-54668 39936
-88823 4294
104364 113500
-35728 7674
20589 74893
25512 61015
-100775 3268
-57272 -95015
30565 115560
-53984 -24832
55815 115061
-63248 88307
26902 -36206
-77576 -96249
-68789 -43244
-8247 37714
96100 88355
-51412 -54389
56317 4585
18092 86224
39028 -116788
93379 106732
68686 28721
-58796 -83723
106722 -69490
92172 -2732
-7073 54714
44335 13945
89049 -50927
32665 23309
-38546 -59408
-78021 -61015
-114612 109901
77453 -74221
-67556 56899
98904 -27721
32338 -87086
33035 -74267
70638 -16712
-114050 -75897
53578 -60682
34689 114759
-100998 115837
102833 39890
-73103 52302
-96539 -89912
1191 76359
-53627 58419
68404 34062
