55
-27476 -61205
61570 37754
-84764 -16243
-10559 -76970
-58304 21749
4366 -34623
85154 -18790
100805 99475
5485 52163
-64770 73920
-1005 -84393
9544 104010
-17274 61736
-19867 16410
-45681 -31838
11310 -81171
-33065 8553
-99007 -38192
51021 -90129
-51167 54819
-85331 -53116
-7505 -90069
-64411 48267
24030 -69393
-10291 82045
-103997 -67001
-47072 52723
99988 -47838
45252 -9732
58543 -70071
75592 -65288
-67662 17441
48393 93513
79617 -60037
-102017 14791
-97290 34583
68759 22602
-35778 -26116
29628 -10925
97738 -29562
40041 39356
101762 -18695
81099 53588
69993 -74313
88282 -2703
-8466 -99774
-22844 -32504
9045 69970
1394 43908
79764 -40705
100235 76332
17383 -1814
-58090 80753
-19340 100800
77857 -46346
