95
69139 -36216
104490 21851
33743 128917
47549 -118153
130776 75697
20982 -12060
120438 35729
59093 -108137
-111688 72480
-80122 81393
-134084 107627
58663 96825
76754 -134581
-15132 13965
46092 88305
55415 -90104
-88738 -86004
96289 -2480
-21341 -118425
4902 -92083
-126888 68845
60535 55628
-85571 82810
56299 -70646
28069 -20276
32019 -18742
84527 81305
46587 116615
28090 -56786
112543 69282
71056 67672
-71664 -3746
64418 -90511
110775 -103033
-58785 -81947
-47987 -88688
132625 4005
-122067 1242
98812 69254
-81827 -28424
74463 -104233
-18614 23837
110085 -55927
108038 -94987
-137524 -130948
64417 90334
-4984 136638
-9035 -66470
-30684 63199
49070 3178
-101710 37633
105657 -76777
26428 101196
-73777 53940
-113704 29975
2844 42666
-95548 -12778
-72749 114555
-32726 -50801
110825 -106582
-68023 118734
1939 -136262
-58265 -31744
31419 -43800
66641 87321
-127501 868
-26371 56756
-83409 -49005
-67741 -8633
-68624 -51980
101812 46881
-709 -108317
81940 131140
38558 -61414
-123773 108679
41626 -437
110523 28591
68275 79878
21617 -22241
117960 -97460
-110698 127254
-79829 28198
-7812 63854
5452 -61437
7583 123829
28615 -88568
22138 -100863
26351 -102105
131711 -15061
-60369 27426
-92355 -17547
-91718 -55756
-88623 738
-23727 -50234
-94446 42531
