58
-48537 23285
50064 -24993
24007 50164
-37285 53251
23147 32517
99210 102286
-7714 67000
56002 -52544
92969 -13635
62755 18939
27943 -41412
-100993 -28182
106869 -64040
63456 5798
57828 22049
71787 79027
92245 -49188
64121 -20649
83318 57001
-13416 -85482
33176 50617
88828 -45566
26923 -60840
96909 -104215
36834 20216
27183 58218
95370 -24841
-27679 -54497
-3869 -59740
-91222 -8666
946 -69568
46481 22949
29629 -84061
-105744 15526
57959 -72107
55520 35934
-314 -45603
-99404 45816
512 11943
71379 -17997
104990 -51552
75020 -98801
17511 -107023
81350 44152
90315 -73410
88974 -69071
-10606 -2134
-7005 -55661
-44870 -11829
70958 30855
-11564 -60543
-44609 2037
101750 68852
64952 -97215
-17014 88832
87450 58787
-30013 -98009
21714 13300
