62
2181 34365
9557 -32923
21596 -48048
-21787 -96618
54725 -52825
-76522 110978
-70601 28002
31281 -103194
15197 105127
46390 93103
54080 -69930
45684 92481
106414 27949
-20890 -86366
-10891 77145
80258 -94265
80843 3499
86613 99578
34160 -90748
90856 56489
103464 -35197
-11392 -94051
87574 1632
63581 -14231
-106976 50768
86115 88319
-92354 56164
25616 -58510
-38980 61612
-66409 -88390
-79841 94234
2014 -38754
68870 46638
-45180 -102452
-4788 61245
-38237 44988
84071 1557
77170 -66738
-41331 -18788
-75795 -44153
71310 27933
-44709 100578
-59180 -42107
-8601 -64552
-48648 -72834
-63811 35441
-66781 -12136
-65106 56496
-97462 -21198
47669 30297
86933 78033
-109344 -109646
-98700 22413
104201 -1789
29736 -99195
-38046 -87216
-50830 94447
16675 -22909
19356 92920
50518 -90170
-32314 61226
-75957 53714
