100
25499 37087
-104065 58568
49080 -42880
-72276 103504
35915 78076
-1675 10856
-133600 -10318
-7562 1906
54838 122299
-76654 45644
-79946 33684
-133889 -96049
-127754 36297
62388 91588
39699 -37841
79532 62890
-48345 -83405
100730 134949
80560 -60717
77267 131306
14603 -85682
83909 110455
81752 -23095
129082 -102996
92253 -44074
-12383 17368
128880 5847
-27021 -35758
107589 -45683
40488 -7051
34132 3700
9896 140452
-55416 -76451
-132090 23623
12624 -127863
26802 110938
-123607 -84435
-98178 124435
81373 38929
-37644 107006
139477 44606
-40356 127303
-57893 -16916
96282 -12159
-116717 62504
-51335 72771
-58149 -64272
20438 109080
123612 -401
35272 120863
-123393 -64057
-44998 -137709
-110234 -8928
54734 -10075
-44763 -3498
75125 120555
91858 -12723
86797 -85976
-84874 101976
-125756 130324
98559 -35939
55972 116051
47845 57596
118598 122849
-45644 9665
-110343 42220
-49521 6408
36724 -136341
14928 -131183
56161 -54651
82214 -92669
63212 -133766
-140440 29552
73569 86236
15263 25969
-119866 84357
26690 130924
37968 -73841
-130623 26986
93069 6092
90890 1579
-117295 -40724
49155 73935
81676 25724
56094 96468
13255 85282
127852 -102848
47383 -50116
134634 27221
-89139 25939
-64124 -75502
16686 114424
-112400 -50872
114823 47926
73041 13380
3081 -139542
40386 24109
-136777 48968
-107089 119791
-79335 -84874
