91
126199 91319
62696 93197
11417 -114740
-41653 -28162
-2649 104289
-124857 -68581
-30819 5890
-56768 -73715
20588 94786
-116642 -15722
-44039 127749
68033 -2440
28249 -91329
64258 -29880
6103 -110314
84477 64106
6427 17805
23683 123619
95171 -71482
113960 5939
-103456 -126231
-82955 62210
-50047 15371
-96818 -33987
66290 63737
-14105 -60908
-63431 -104827
95914 -96655
-132696 52102
-59995 106962
78997 -95956
-79924 27922
94626 107941
52019 112917
98766 -54584
-120248 -38479
-76049 60583
-17373 -17706
-11372 20698
25224 -32815
80148 -130528
125443 77656
-97596 -87352
-25085 -29197
50929 -97590
73535 117807
21171 100285
115229 -28957
87780 44361
-59699 74162
-40652 19323
3069 -95421
-62766 108578
39554 -132503
-70739 93179
55117 -114313
98179 -125533
-113607 -52308
10978 33679
-50880 17305
-40277 -38097
-41839 -104592
-15604 -68012
-119458 31972
27515 -32452
-85800 -132413
-96886 -46789
-59713 -98515
-21679 78098
-913 131350
101566 54771
84509 -22583
125609 -16857
-129519 -38526
-112234 22680
-2059 -74283
-24662 -32650
-4254 30401
133723 84597
-129799 72340
103717 -92604
43074 49072
-67775 -131108
-10486 2249
71428 -37811
18437 98306
-126048 63598
-53358 -51961
116639 -130887
19284 86101
96226 24588
