50
37504 86548
-75100 47422
32059 -69258
26490 -78293
-11891 83535
-26169 -47593
93879 49993
-28327 52481
-95004 98797
-49039 83427
48051 81698
-22329 94947
4235 87661
92326 49346
70060 27607
-69773 71680
-49995 -87354
59577 -28024
12689 -64279
-10103 98339
-98734 -90970
75456 90379
-80854 49163
90380 28151
27273 69866
54557 -31163
-31722 10457
-70586 -11644
-80409 15778
-41487 35084
-13208 23542
-54860 91446
-68109 -85368
-67090 89204
-19948 5928
-95060 57053
78152 -48995
95763 17710
-26566 -12510
-6705 -12309
-84365 -31050
23134 98572
-45776 19962
10583 41907
83426 10040
-19121 -55249
-94957 30270
-98122 -92418
-30624 -51225
-84348 67920
