83
-115253 22626
126385 -125763
56836 84167
65687 108660
-30539 44382
66631 -4855
35689 -54898
74116 7520
82255 -66688
108376 102028
10476 -26542
90511 -72396
-16550 -59702
28235 -115351
79903 -85119
55320 -78139
128630 22808
57083 -50143
29031 -92066
-110865 -26884
-87724 111614
63908 -79773
-91679 -25510
-117356 116855
-82608 -126851
86076 -82986
58428 -71741
-3476 91403
-81298 -122592
59100 127748
81432 -3964
127390 106793
-49340 81083
82915 33059
117741 119249
112621 116659
35357 65101
7782 51322
122869 1407
2236 108135
40868 100698
-23676 -37134
88880 -35620
56960 128680
71334 -81285
95490 5993
-79931 -82857
109343 -53550
-107342 19410
-14774 -8319
-48049 -120734
-90035 108580
-7056 -78223
-10908 72191
-101090 -2563
109771 72199
-114580 125717
38417 83057
64012 116531
68832 -6457
-88905 -15677
58549 -114266
-19988 -39143
-44783 -88892
-70376 -40833
-118062 -31518
-101392 -72951
97306 15925
-9459 -26986
75602 -51103
-71514 111638
24232 -99342
123397 -56225
24813 -50792
6638 94514
39432 -12050
37821 -83015
-39029 -78523
-91833 41577
-42491 -111995
124120 -30372
-38271 21957
-110710 -33127
