97
68908 13928
-108709 -78195
-105328 -28530
-76185 -115607
-116043 -50074
138329 98533
-111399 -85414
-32767 117189
-27530 -137069
-57471 -7100
136303 24156
93715 88523
-92457 -33922
11238 -72593
38264 130172
95278 -19809
79117 35671
33633 4813
59975 -31004
-79451 -70976
-127272 30757
40754 -18013
-103928 108333
-127436 -45744
-32583 78663
-48625 -91309
30406 -97385
49237 134068
-21737 100215
-31705 138068
-49842 25607
-55347 -35319
37172 33872
378 102191
-23098 102917
-104021 -136923
-87537 -134577
138534 125442
90642 125609
-38351 106737
56585 111983
99936 40230
77850 -135084
275 135627
-102669 -126565
-100297 97017
-8061 100607
113500 109018
131366 -74114
67112 74515
-91685 -133671
-2349 15838
-131548 47583
-74125 55150
-110006 -57324
8714 36297
-88163 -35004
-118979 99354
116745 74376
-54605 -76330
68532 100364
-63111 -76200
33737 109707
53782 40812
21896 87529
-94193 -126944
-89752 -22701
-18133 -30111
73993 -76747
-61879 -31283
-12260 -46251
134063 -54021
117065 -46382
17123 3997
-47191 63441
-16111 -18630
78700 -96357
97619 -116967
32564 1945
73456 56450
-91761 -132855
-9733 85510
-117166 -13885
117710 -6336
-43099 -27524
81437 -110496
10667 7188
92756 -56341
82834 -6788
-40351 -82751
63115 -127618
-138073 88686
-104561 -83972
80136 -137453
-4006 -42319
4371 -87542
89788 -45795
