73
-54828 -10256
-75960 5698
90378 57104
-21312 118531
109170 -5282
-84289 -103050
-52596 -77757
-46871 -14927
-30045 100219
3444 -103417
119330 -46920
106065 37469
-50718 -62410
120306 115504
-33581 -105578
-33065 50156
58108 -9391
-84164 -1442
891 -34038
-86289 -45216
-77787 -69782
52510 5999
-41809 -27724
-19046 -67158
-75060 52147
-76712 -27055
-64595 -85142
-38782 -118346
-119863 93161
108382 4578
-9857 27429
28335 -76087
104874 37387
92440 -7106
85170 58810
-112513 -100300
37514 12071
-18023 17284
87809 -84280
41669 -36071
64475 -51241
-24674 -22065
-36199 -88602
-9932 101852
-71413 -66532
6800 -23069
-42903 38360
-56482 -55758
111289 72729
-97555 59207
-73860 53831
-84945 1726
75956 85577
-33600 93650
-99169 -112419
41945 22578
-112905 -11708
110560 94286
34225 -52505
-11122 -214
32065 65206
62670 97030
89190 83508
-67646 -92880
50187 -115441
34516 120008
41235 29427
-29508 -98386
75312 -67885
43484 -120384
-18785 7420
71860 -65106
116120 81540
