91
-44771 22256
-29471 -116250
39571 -98388
55907 19835
29422 -118832
-43835 107701
-104755 14837
87243 -61676
13128 50880
100016 -15591
35629 -65514
-87186 -133227
38391 -87013
126970 -47264
-26734 -86650
-30799 -116144
53139 -90984
-58628 -6482
120954 -121582
113262 -122358
21050 -28176
66207 -65902
-112483 21348
80919 -101928
-2064 -131783
-5266 54073
-58172 116271
69444 -131968
-49433 112574
-20080 105574
-112309 134707
121840 13169
71987 -53953
12565 122877
-81728 20370
-20542 48619
-92734 125775
44199 21806
-44851 -82107
82801 -2356
101393 96292
128614 113956
1961 76911
43952 80098
-36070 66154
21895 84110
10229 -26298
-66872 -40048
-97118 -58811
-23451 32803
116455 -31463
-119628 -114839
32184 13585
-57341 -46906
63531 7484
72673 -97833
-101729 125080
-86530 -12647
-88302 -23627
-30797 66490
-68153 -134057
-41485 -106084
-37145 -99027
113400 48433
-97324 -21860
-15642 -75480
-12614 -57842
79144 90906
8526 40755
124152 -29744
31544 133586
-123508 5857
40602 -60216
-42025 -62384
-45860 101615
-74791 4335
-24599 -95067
-95771 106011
-66344 -6873
-124351 -32522
78553 123671
-134152 -66880
-103889 24854
721 72502
133168 -95358
21808 -34032
58914 49622
-29588 -116366
75618 -42402
-27479 -126605
62817 17207
