84
-8356 26351
-114855 -97308
-83474 81496
-99114 23382
-31166 -71543
-14846 -62903
8586 33831
-2152 9702
-63215 -31418
71259 12655
122 -129339
41442 112365
71648 -36138
116463 80780
-700 1998
67424 959
36486 -84154
89543 -57427
73771 -30468
23549 -33271
127747 19060
-122644 72489
-50888 36201
-121112 -13861
56728 104839
12475 -688
-84537 30535
36821 21399
32829 55264
122630 -12698
-42156 30810
70879 72448
75385 25801
19200 -32871
-111869 108257
-126550 -48097
-43692 25528
-4821 113963
-41988 -43736
36655 -128763
47754 102724
-38663 -8592
22708 87973
121947 -129539
2759 -6608
78223 56574
-105475 -600
-16051 -41577
-126988 -83575
-70685 12179
-79155 22591
53169 -124984
-42985 -81050
24038 109518
-124970 -62255
-11739 14700
-80402 -52952
28243 -81786
-97282 -103302
77857 -22826
-14055 125589
100984 -94672
111017 -23119
-104655 29967
-7697 -21496
-86128 28795
13216 -41900
-83313 113897
122856 -47828
-37497 71330
108116 -69393
-72480 -4251
-47782 70130
-111557 34568
-3057 72282
-116771 -83827
-5460 -35766
82969 1465
13519 94133
-105937 58601
34065 -23636
-90992 72079
-103154 -107462
-117192 1991
