51
87950 -18232
86904 276
-39427 73519
79340 89852
-8227 1424
-10165 65168
-36803 70817
30442 -91348
-82976 -93642
-26655 71144
6649 -8414
-37240 41813
-42161 97798
-87334 52017
-76175 -90694
-85403 -21131
10 -29311
91145 47373
-21880 -8017
71818 45306
-62161 -84011
-82144 14878
-19649 82380
-33201 -31782
-69099 -6689
30376 -70323
73138 -100674
58005 68816
-52568 -87365
-66336 70016
-9807 -53052
49639 32349
10910 34306
-94437 15322
-24233 54721
-29506 63931
61718 -41226
46396 11296
25858 -90173
-665 20355
-100058 26075
855 -90688
71570 12977
-15735 71409
-78807 89424
-23406 29264
71305 -23911
-73268 -7297
98186 -22838
43510 62457
-3233 -4388
