82
53365 -69247
-115906 111667
103339 36225
81132 -30111
-10454 112320
105807 -119881
-12238 -93168
68702 63710
-12204 -69253
1485 -103599
-87745 49101
52056 34039
-75372 46173
24041 105956
16242 74151
47363 -45164
-81810 119161
111582 8773
14533 -99327
-40339 32249
70896 34
-35062 -89177
105079 122923
-117305 14932
-73772 56766
26029 87348
-94919 23257
22697 -25487
-103005 -22642
-40806 -94290
96193 67827
76463 6415
95248 -76522
96324 -48233
-68398 -61546
-25082 -24792
-20641 43047
21574 -24009
124112 -105623
-101761 38063
-19742 -27805
62254 120942
61749 -124735
-81836 113835
83795 72584
83339 -113834
-115510 -72106
32964 116991
109845 -68435
76647 88917
-99443 26434
-84767 -14079
3073 28459
113568 121623
67857 -20674
-64298 -103228
77834 122568
-109898 -32566
-126051 123276
-12276 -111221
22558 105189
-13727 120269
-82076 55047
112896 -41156
35003 79489
55930 -55189
63277 -94713
-119616 -48816
122996 37604
74991 -103837
91604 -44144
-83526 114042
57446 -90509
-75611 64324
36427 69966
-67170 88526
15582 14350
-87279 -53624
31149 20678
40876 79572
127846 126842
52195 -41631
