93
86412 105763
7016 19906
-94389 30005
14789 120067
-90239 -127047
-86662 67209
-45183 108455
-106005 47419
-56240 -11870
123028 -66586
-117530 -98684
19636 97941
136302 -66827
-122519 -128298
26776 115537
342 -63566
-18572 -130502
23303 -16682
-73399 92818
-11490 -56920
98666 -123466
124222 72592
99382 -83818
-16167 65460
57733 17600
-93015 -107677
-17225 -100000
108747 -97560
-92892 -17765
57704 15012
-83173 80859
-87290 -59269
59029 40661
129060 66718
-114091 -107011
53878 4469
-83056 58405
89694 -67418
-120394 8469
60308 -6522
35514 78117
-80169 125649
114262 -91734
-88772 -19805
28197 -116356
135423 -61745
-72524 -73491
97003 -8647
-52299 129129
83135 74068
68418 77467
-80115 67078
-2371 -113822
68213 75215
-65318 1380
12681 130835
-53045 -63705
59686 -130779
-65601 -29276
-101244 -81748
66539 81841
96910 133415
21232 -49197
-60202 56966
17247 -23076
-34917 59473
-84540 113483
5696 -117270
93034 -29981
-133638 73756
-103679 -33425
-28961 -78652
99407 -44627
-112505 -58206
-36196 -101788
92528 12490
78621 -28053
9320 42470
-33791 -9712
38818 -107430
59111 88912
64837 96910
-85998 -110726
-116731 -4474
60887 57372
-75143 16897
131205 2291
7074 -5061
56917 -77687
25771 106809
97422 22052
132727 61822
91878 75525
