88
-71552 28081
-122863 20469
123475 -36287
25663 105668
66532 -109099
97656 -79986
54023 -66734
106277 105634
-33432 27133
-120780 103778
61782 -41875
-79056 77583
-56757 31512
90524 118060
14695 57571
-37521 29019
-658 -14144
102256 8133
71508 -79031
-50500 60938
-5965 -11709
-100285 -113247
-106643 -12362
-62203 103830
40054 -103569
-114831 98471
-111751 -56020
131557 -111581
-29964 65148
-26207 73975
-90612 78357
-36196 -39024
100844 43213
-66096 -43317
99911 2801
-84765 105174
-27943 -2752
119132 -9168
-72469 -73319
123772 -122024
-44855 205
-81206 -131612
115680 35554
-11140 124083
39871 -125546
-88524 -93547
-13649 -46476
78794 -96972
-121411 101891
-17347 61792
-42734 -55166
-25191 -107712
11511 118047
-63630 62891
-104069 3568
-95113 -54143
-115678 -127574
98783 -114824
-79340 70489
80485 -34061
63489 107984
-24675 -58980
78884 54110
91212 -25050
59989 53723
-5409 -5029
-53604 -15020
-22885 15203
-42386 -28382
-31297 -113683
-59429 114319
71923 102519
67894 -48127
-16950 -101963
100749 113637
-10454 -2967
34792 -10413
-131935 -14612
-38388 -69276
124518 115637
69389 -91112
-90225 -78438
8346 82024
-17644 -113883
-83647 -38434
-63668 62222
70154 99140
-47085 -69276
