92
35667 -67558
64313 -86971
13914 95543
-46712 132000
-14702 80654
-45706 -44195
27246 -3949
21857 -67094
-22412 -91805
-80895 -122689
-77253 -120502
99867 -61954
62649 -118210
10387 119504
-81223 124820
117631 -44734
-26516 -94264
-112228 107818
41456 119970
-70917 -46236
32456 -84496
109135 -62529
76634 6292
-98006 12924
95289 -15890
-88100 1049
-22329 -46385
-109187 58837
-59825 -38768
-72568 65463
-7854 18601
-74612 52955
58757 30309
-91945 -11812
-62098 -89399
106195 -129157
48395 -52478
40389 77170
37678 53386
-72334 18429
62277 -121507
22605 -110388
127495 128622
119700 -131574
53368 4719
68838 124025
-128689 -95024
51842 38406
106791 59580
91445 4709
82392 -86842
-134065 109877
81068 89412
-56389 11145
-66078 84030
3018 -50331
22451 83480
-15526 -114650
109011 84920
35445 -27193
23416 -78690
-131288 -111821
-85019 -87487
55767 -60775
-88686 55332
34443 2934
-28422 -103320
4680 -4628
-104050 39842
85181 -101089
-41153 88463
-52786 134683
56818 -2428
41233 61628
-121226 55960
15382 73943
31497 -128410
49557 130414
78888 83733
-82551 97057
22547 -5672
48549 117541
71761 38748
71882 -36322
112162 122200
-562 44126
-1168 -41323
58738 54754
28732 97436
7222 81111
89352 -436
-30029 11880
