61
-80772 105051
-17402 38179
-3279 -50203
-51776 -32635
97593 28352
14170 -2530
7718 -3223
-34220 -44165
94929 84455
18757 -35084
-68850 -46985
-81283 -69473
-110278 38281
-28679 -89825
32123 -46012
78972 -83646
-49214 -22997
78748 23600
80932 -108591
92621 -53506
-32319 -102191
-73109 10017
8198 95351
69410 -105880
40448 -75056
46523 -18940
8575 46181
-14010 43486
43918 6178
-49520 -6839
4419 29005
-100135 -48870
105550 36312
-5319 -71432
80262 -44486
-104800 30885
51725 71888
61384 67905
83517 -60860
-97617 81749
-79564 59729
-51913 -81894
32096 -95458
59444 -33788
80966 3572
72361 15607
-91832 54450
52727 30575
14336 43821
-55581 19197
-37292 -32096
-107441 3973
72528 -47769
94446 -13633
-83765 90368
42429 -30880
-34214 87868
-54726 108294
-53305 -2805
16967 65631
-96660 -76088
