89
88631 72798
76977 71413
-23805 -35813
-103054 47512
-118718 24996
78431 -69925
-91362 129029
-92269 19020
97351 -100311
-3790 91644
-26239 -112657
-124425 -98511
-71158 52245
23983 103023
-49884 65914
-112422 -100353
96322 -86305
-61320 71201
-88142 -27871
-101566 49879
-192 4262
27500 82559
107371 132996
131646 -65515
-97068 94660
86523 34807
128832 26658
86333 93667
40083 -114952
80360 -94152
-17824 115433
83152 -59510
-107944 -35775
67399 45064
35329 -15509
132558 29487
-6538 128969
-25278 -89337
71903 -13813
3432 124183
30754 -35253
-14899 -38411
113937 114602
80085 86350
-115587 71560
88188 49872
119002 56296
90678 126928
45412 87208
124632 -53814
-129209 -2158
88306 -70862
-57420 128564
130414 133050
-77302 17880
22242 2442
2660 76806
36497 41180
-58916 -65140
14442 91314
-3342 16195
-90307 44044
109923 -32062
40835 118294
105801 -87511
129856 -29169
-102270 86051
41377 -133218
87006 64871
-76441 103596
66310 -87386
29754 82220
98432 -86268
-99084 73244
-38500 103909
43488 17822
-56129 132128
48869 99335
33400 -77000
59426 -105008
66979 8472
66509 95827
119121 99334
-57604 -125427
123288 72481
71280 71793
-30381 -33330
-115294 83094
91326 -31315
