52
-1514 -83205
-98448 -31358
82428 91831
-29507 -44413
-94314 -5831
81585 -88399
-1174 29384
87381 -66673
95170 -3198
-48218 46509
37108 32395
44942 -34824
84592 -38442
-101701 -57012
-100724 -50852
92971 26345
23354 -11493
-15464 97348
-45569 -68002
55913 -65066
-82138 -23930
-49907 38603
-75805 6227
76375 52874
38900 -52495
27315 80679
-33495 27523
31761 -73754
60282 68324
-83497 -19068
-41103 -11125
70966 92456
-46020 81157
83474 56263
-23963 -83946
-95438 89404
55849 88056
-43582 41411
-101772 42850
-32326 42306
-55450 -48166
-56014 13858
2098 7759
-1987 -85715
-80945 -92523
-34771 -18185
-31819 11074
-38001 -8070
-63700 42279
12843 101443
-92361 -77352
56203 -78176
