41
76767 22331
-88295 25200
-62049 31875
25179 -29386
-70922 -35286
-5225 47456
83318 -2126
-86056 46576
88848 81018
-16288 5240
-63081 42095
26035 63694
-77086 -1155
-74604 70114
38749 83851
43731 80963
47389 -35829
-78081 -59804
32891 6588
-82690 62344
86471 36422
-2853 -6723
18613 -68633
88368 58469
-53000 59610
-55346 7997
23630 -84673
50747 65522
-6011 76809
-1435 27233
37955 -22300
82389 83634
-78137 -19349
-33066 45391
-63321 3084
-44676 29052
-82839 63374
-11975 -44030
-12198 37960
-73626 -6687
-65351 -2320
