48
-97384 4101
91872 -16443
64500 40918
-43805 66401
-62673 13814
-97578 74136
-4110 42168
16911 41549
79632 -45188
-20326 -37347
-16736 -2566
-48842 17276
53449 94033
-16772 -68108
63020 -59539
45369 -9242
-1969 -63371
96828 56874
95282 41117
-96261 -11018
-76354 87831
-91527 5652
38154 91648
40012 23744
-1756 -27060
44188 7960
56 17495
-31725 -36617
-65110 -15369
664 29448
-80364 -30958
-77150 3397
-11087 77607
-42376 84175
-1127 -36337
34486 -50072
6972 50780
-17647 -24128
-22975 -44611
32419 61511
52295 85044
32675 47603
-65528 -71163
40480 38758
-35432 50786
-38722 -20449
82014 -33725
-20700 -37314
