69
113573 71511
85052 -109375
-19247 -56311
10905 55392
-62416 -43593
-35981 115726
-5159 2892
8490 -60753
-4847 -32704
-100086 19846
-19960 -37797
104428 74417
15426 85184
-37512 -19679
-97970 -50576
-62618 -56107
16418 -78087
74574 -50726
24100 -49196
-105327 -2855
-79657 108433
16132 -30583
-72852 89076
-8979 -35164
101801 43985
75975 48133
117261 -84265
-2765 -21136
88907 29440
-101814 101526
30332 -116274
-61720 -113160
26099 -40106
30957 -77456
-86758 51680
-58415 98311
-21794 113041
-6793 71299
-23707 -95125
-42606 63079
61858 77453
66180 59772
16643 -28891
-68437 26223
-27222 -104237
-112628 78819
-14629 -40076
88285 58026
-50906 68558
4927 28250
-112965 -26189
31967 -62534
-45827 -3109
99136 26259
-80285 -30085
92141 -58910
-40933 7933
23257 -29832
2875 -29253
67434 100721
40878 -51263
110016 27112
-18986 62450
66802 22431
-107099 99672
-113316 -15272
-15258 52081
-47473 -37831
-76432 18313
