96
81694 -16939
-48495 -85555
106521 -44510
112157 -90496
128718 -63527
127157 106870
8188 96039
-1097 -87694
-122448 -134880
33751 135784
77797 -133245
-106432 -122835
45548 -133318
-30138 48595
-94353 -125736
-26303 26689
-121787 -72627
-128525 92662
138037 -103558
-105218 31049
-136831 64715
-131596 -2343
27580 31804
-96999 -38473
-78933 -134620
-99711 44085
-656 -65852
71532 128329
86903 -90470
-9472 -67412
133284 -129607
-15695 -13989
26885 64875
10078 105186
-22592 76284
134373 -79788
-37307 -4984
20609 -113403
-102687 97750
41270 55495
102915 -118876
-137928 -22264
-11630 19977
120063 -41971
-6081 85749
-85870 118803
-88919 -86286
-108675 70040
-75034 -5426
111354 -117706
-23280 -84533
131640 34605
-21701 53829
109068 -45404
116128 -111707
118317 44568
-70537 121415
48378 107612
-138537 -96975
-136800 127224
114848 -9158
-38719 -124661
-88532 26356
-127688 -129206
-8574 31860
-15832 -21254
4007 46298
117667 -39231
-72621 46005
-90975 91216
40362 70160
55876 -89547
79058 -35788
-82685 34043
68613 -101322
77754 7269
73226 93013
-128340 12173
-116528 -95000
-22970 17753
-5396 -99828
-111504 115315
71229 -131443
8700 -11770
-113906 21650
-122215 136571
-55525 86702
-2789 -110354
-68600 -2867
-75492 29071
-70258 -52563
-4835 76814
117866 78023
-104917 -94945
12792 19091
-43713 -117317
