88
-80412 -1249
3886 -92153
74690 86073
-28023 6150
-58474 -5229
27378 -72311
-46225 182
-101416 99001
-97944 24382
-49285 -44286
99979 15159
18512 -117121
55545 34312
-56200 -55510
-67019 -102819
99761 106978
-84680 97061
13167 101372
84548 107342
-45470 20723
-80136 -122203
-92504 -18577
47862 -100190
-67350 115329
57550 70572
126007 -58383
66190 15554
-125969 -24867
-15129 118892
-109371 115143
72088 108592
97946 -38657
-101656 47431
-119035 -33512
-57213 -48639
91289 42017
-124645 -92951
94291 98496
54034 -17817
-71498 109690
21608 -91518
-2601 -54450
-53110 28849
28142 45631
-37851 -54287
19108 -67942
100520 -5599
-18641 -72280
-39903 -45901
62823 70704
-29396 94144
-97398 117093
14598 30918
-71177 -29986
-17225 37278
76028 436
50922 -30543
56461 22801
-66763 -112018
126296 -7845
77348 -58515
26449 74321
-17722 128179
128501 59478
111066 115681
95279 -125506
-36696 126037
-84585 57561
91673 -86628
-9725 -111723
41547 -130974
122443 -6409
24622 68833
-39198 108121
131293 37665
6978 -81872
18709 -56739
10871 -93179
-2115 -101510
82599 129942
-35090 14821
94832 120802
26652 -101887
123642 -24205
-127530 -102290
-110903 91268
118441 -88599
-28547 52125
