54
-74429 77413
26110 35283
-61059 -58986
44792 -80599
84915 -74569
-40612 -79465
-31656 -69722
49627 -4753
-26329 -99558
26878 -62914
-20417 -99044
-21968 -61394
87486 23789
-60872 -79940
-42921 -15214
488 61006
19695 78013
89406 8249
-103835 46839
14794 5367
17691 20219
-77766 56769
85363 92431
-49663 -56944
-49981 -70820
24917 52126
-30394 3282
-44668 96895
-79133 74641
-29827 80048
19086 93695
44406 -102282
102849 -99605
-92113 -78860
73817 74555
-9479 23819
4862 -10730
-78775 -65122
35507 73622
-82302 18657
-52447 -77269
6704 -1799
66258 -35182
-12522 87125
-79631 85840
-8048 41081
-77838 17480
96156 9150
-7825 -44106
-91148 5536
577 -55242
-40155 -10342
51810 -88493
1279 50580
