57
-63279 87532
-23118 41619
-33827 -30544
-44702 19748
-58049 -39628
45691 50359
15641 -70773
-55191 -72462
-15935 -60737
67343 106145
-24783 61583
-22435 52239
70655 7995
65938 10901
82532 -44958
-3482 -104504
12879 -3010
8884 44780
79935 -74175
-28898 15996
39781 -7660
-35272 88116
28281 101884
27549 -3935
-8766 95750
-46661 -85790
-3639 -78376
-5860 -2936
67914 -98474
-34990 32455
-74877 19022
11274 65427
46646 -258
-90186 32774
94247 77875
-374 5598
49160 60181
62338 -93046
70893 88211
-28761 -13214
-92829 -41609
-70165 -89621
103956 31672
-68681 33050
-71549 -88432
-7385 -101015
62113 58567
38943 -38833
-66563 -93854
-62523 -79469
72377 -105815
90481 -53874
87965 18945
-85087 44786
35584 -68384
-19989 59687
54693 -42023
