39
-38370 2403
-35328 -30314
54330 50392
-48525 -62455
-50263 60904
-67015 60241
56372 -27881
-457 -12205
27719 7157
53868 73569
-72865 -24491
24748 -44684
-60165 84229
-8210 -34265
34538 -45623
56228 -82222
80017 36808
-42180 -34629
83001 56780
36300 33253
-78194 4224
-46363 -52416
54663 -21240
69898 -51517
77242 25864
-88191 -26127
-74069 -64219
-64365 28397
-86893 30611
-48626 -63715
-20638 33806
61609 -71492
68767 16815
-49001 -59428
-35401 -18215
24212 -73016
-64826 33012
86504 19601
-24313 25159
