54
-53740 -102040
98091 50051
50031 -68043
26140 -17102
-13512 -87953
40931 -24898
76087 -20171
33806 -85320
-16257 -47579
31067 -20451
-43694 -52848
-67220 42218
26172 -67537
-27117 -83539
-75324 -73525
13817 55507
-26075 -89526
8357 -24631
-79380 101506
-78619 -2811
79108 -97285
34470 50521
-65010 -50847
-19569 87251
-65941 21167
-22440 -27953
-27440 -76459
19231 34973
23678 8889
-27238 11061
-82536 50819
45227 -66258
94047 -63057
57777 -51677
32826 66683
47004 -29178
-4913 74687
-93500 -71048
14248 -10682
-21529 59356
-83439 75365
-96924 53931
39011 -66313
103466 -70966
-91647 61350
-68521 50838
-51361 86455
-83361 -9723
43001 40982
-82116 57619
6064 -46488
-52520 -80098
83928 75350
-814 -28793
