59
95060 94022
66065 -103956
-31939 52239
81704 -5041
-85644 -68740
-106004 64740
-78037 -99454
-101962 31962
-7217 -83302
89066 24157
56814 35466
-95900 -36038
106508 106645
-38794 -75823
-4752 -65373
85728 102827
-23170 85493
-62236 -35700
-93892 50405
45025 34973
-85825 -61992
54997 6061
53004 12073
8696 -49864
-82022 -50807
71130 -58503
-98896 103563
62379 -56051
-105917 55557
65537 72117
43792 -52994
41005 -99452
96544 -41270
91745 -108486
9151 -18016
5314 -3236
-70085 -79401
44160 -107604
76178 -48616
11185 24972
65418 -98057
-32361 26901
55510 -18862
71878 34814
72660 18443
-94186 52350
-24687 -45121
99036 15988
-14236 -31589
-32766 17664
-103417 88453
-22072 84062
-95024 96163
11808 55028
99948 -38840
21255 4803
11865 -44112
-46716 105640
75247 64009
