81
40678 23875
-31452 -18050
87939 6939
42122 -2384
200 46722
-13151 -18687
119498 -7252
119938 42590
-95814 90150
10067 -820
-68654 26752
-46228 -36584
77949 64288
-94612 29601
31329 -52355
124684 -122777
96888 7616
-22667 -87016
8429 -117602
124126 -55715
-69072 -126431
-47029 101254
-42614 76118
-86512 90428
126222 87044
-79611 -70735
89100 -106041
-114664 -67641
51023 89891
49836 1564
-37525 -84807
-105766 -124313
-75638 -86831
59827 99718
-38975 -68613
65156 -125467
39167 -7713
-21264 -89579
-39686 54793
115130 3602
66819 119295
-5615 25604
83562 61338
9213 29449
-27561 3846
12895 60464
-94984 -51370
35407 -64342
92392 -122432
122238 -100670
-28220 -59244
18751 17966
89898 22942
-4488 -51950
-58801 -43609
-115718 115443
1724 82991
-108843 -101416
124810 -93812
-31776 10814
107595 33019
-104145 -35531
74942 -74551
102392 -9097
-58927 -72771
84509 -60814
11196 -48630
19372 108426
-75237 -110767
68245 82756
-92960 2520
30166 16517
60879 92724
87181 -1792
116650 -7899
-76592 101883
-122090 120544
-27604 16831
39429 41411
-121974 115928
75270 -90113
