43
-71257 -69468
-91775 37286
45519 -47869
-75407 84803
35657 -82365
-36963 -81139
76918 43111
19870 -80123
56114 23669
-79346 -68084
5666 9258
-59875 -71460
-11278 -39488
-63610 23200
1251 -42312
31892 -40319
-44378 -37829
-53080 -8920
-73920 -30390
-27017 45504
31303 72733
38039 -91003
-70304 52072
44621 60610
33881 6896
-24354 -20647
-6105 33838
78157 -9657
-37917 -61538
7268 -53035
-56825 15381
-3184 -67185
80523 -75592
51413 -65974
5714 58015
18321 19395
-91336 12448
-56796 35200
73783 -43419
-59966 -92070
-81147 62790
14814 -20122
-56237 35104
