58
91188 103956
-78845 41070
-12209 8882
12023 -21946
-100790 28126
-55087 -104971
-76689 34680
53900 17312
-46527 -69550
64398 -74066
-1796 18157
91417 -4361
11687 45107
61501 -98354
-52911 17674
-100330 -65159
-107355 5379
-81022 73394
8879 -83479
-100422 34003
92335 94632
95626 90228
81036 38967
-95000 18751
-97995 51924
69974 66625
98154 95828
-82495 10523
46089 -99574
67776 -33993
42109 -26307
-30736 106526
-29974 92105
93302 75351
85942 -94368
86086 -98313
83153 7846
-67968 24737
67466 11457
14900 89011
5168 65192
95522 46825
69192 -29028
36970 -50807
-43613 -51581
52098 79888
3569 -76115
-76304 84990
96827 -13537
17964 68376
-75218 89706
14014 33505
-27087 -57688
13290 -33637
-38172 58604
-20441 -2042
-17723 -86558
-80295 78889
