69
-93790 93543
9679 35506
-42186 107600
25397 22642
-460 13745
-83851 91656
18134 42739
-94654 27094
-40658 86781
71440 -97507
43021 -30426
-10420 -40841
-82142 -42534
35024 -43891
-74201 49678
-92295 -42757
109465 -28680
105636 21963
32726 21184
93757 48665
-14195 -979
-32693 45560
-103784 18248
69448 88734
-43654 -54540
-46528 -66203
-13665 -108192
51986 8411
-88142 18068
52470 -40481
117188 -390
97820 -46474
-74948 719
-34335 77617
-37348 -15261
58478 54813
-62681 -65015
-81895 -115324
-111421 -103002
-26193 81846
93141 18905
-33527 44345
42222 48814
43863 72613
-81355 24346
-66955 -74653
-75930 -67753
54733 -9431
96647 -103099
93796 -18491
50331 2067
-78145 70073
95990 -18717
42390 -25571
-12587 23581
640 -38520
43697 -79283
35428 -81187
14236 29230
-64984 99851
2379 -76258
113174 -43685
68340 116805
77610 -4024
45157 54472
94773 105351
-77783 -113833
108314 -47425
103617 29496
