47
-16861 82769
-45263 -39802
80755 -31690
-7875 94406
-15568 89692
38487 57581
-25826 -542
76367 -8780
-51940 -17337
28468 -16040
95814 -39349
-68477 11632
74418 54475
47299 79608
72069 -30237
55025 978
42022 -32011
-88754 -27864
28050 -73260
-95908 -6866
56427 30306
7787 35354
-75178 -20414
37676 92294
22569 -47545
91372 44793
-69229 -66907
-68191 30198
89284 -80084
54649 -51531
915 -65792
-49579 -1687
-48395 30482
-53654 -94741
-25370 -67650
-74183 42054
29904 -32244
72518 71114
-78777 -51788
27521 -4790
85959 18449
16472 8973
-87527 73816
70391 3221
81378 -59367
86751 91881
-1881 16256
