69
-54425 -66812
-29762 85439
62155 -67751
70485 39048
-90138 79384
40185 86458
-16565 89884
86487 84546
12648 64531
-24623 -77405
-74806 -108465
-10133 5199
-104257 -96912
-86971 30465
-69307 -70531
45608 -33487
-15560 -49145
-73689 -46260
-19917 -20062
45021 -75442
-1841 9262
80919 -16846
-22178 -13982
-51654 62694
30699 -95009
76480 -77224
-99613 62897
-3674 15234
-90300 67265
-27529 -98095
60833 -24777
-66138 -89801
-114745 45857
35276 69535
-87479 -68371
-73995 56506
-27272 -66756
85014 -101326
-47259 -80872
-21162 53014
33792 110815
-40540 -9797
-44532 -107676
-4420 -43694
-14997 3228
38499 94159
90063 73160
108973 7653
-70531 9574
-18414 -115107
106610 -21527
67572 -21713
-29716 56030
-99830 25805
50201 -2466
-109394 -16472
10950 -22204
115701 35187
-40344 -101778
40474 -68378
-89054 73718
27059 70861
22972 -77272
-87037 108213
20149 -29280
24271 111798
105429 49334
-106691 63700
-83164 -79281
