97
-95460 81549
139094 -6983
-26387 42403
-126655 -83937
36055 -90399
-131968 101353
-104504 25757
84493 -112071
61119 115760
15689 -126
-9997 -3952
81757 99288
31960 -130527
49424 -4838
107438 87866
86669 35629
14276 -80340
-29064 99573
-8891 94782
-112025 -129714
23826 66876
111355 -119494
44832 -125689
-124814 -92244
12511 129600
66691 51288
-30875 -117591
103209 88354
-138726 64593
-117864 69494
40897 -76280
5320 -121117
30805 26483
59226 -2349
-94357 137452
-100863 -90096
-13337 48332
-79896 41504
4395 -83218
-2766 -90491
-100157 -56493
116199 -135564
-121566 -97386
-124814 -51817
-133321 45125
97841 12402
113094 -58227
58979 -67173
51603 27531
-109632 28212
109900 27372
-49104 71349
-71920 -58087
-15845 -92619
-58910 61320
-78539 119972
-14445 64618
-11965 -106909
-109550 -10335
-77491 -91598
-59317 83471
76564 -81747
138136 16770
30404 -7268
-111219 -119549
114875 132169
-90775 28884
117670 7269
26633 -104328
69751 -95337
51452 33950
-83753 -23724
-71927 -64617
-92740 -91091
16840 -133406
-35051 10000
-55286 45825
56388 125567
94414 93895
72441 93658
-114905 -78606
28893 -413
-46480 60879
99808 -110902
37988 -13720
-37429 -7795
-51263 137087
-65068 -82651
81585 -132496
39674 -120327
15631 -41632
-12338 -10920
137564 -132254
-55053 -131373
72035 -39090
52072 52824
-51987 20946
