71
-94159 -96142
-104558 -15043
34154 -74742
106408 -76549
-7558 68371
-46632 100286
-110929 6652
62342 -72749
92254 49271
-101177 54282
-51832 -44508
-10026 -17213
-17984 -45408
-85991 -74348
-71793 -63305
-39573 -92203
48799 44714
-10545 -56959
108205 -80519
-50701 40403
64508 -73671
63391 70501
-118184 75728
85690 63067
-34513 -18817
70722 107273
-55850 -105854
-94312 -70855
67201 -26876
-102272 108434
-27007 -115758
-70125 -102194
-95839 98660
23974 -49942
-78026 112539
54515 -101995
49718 75438
-58231 -98654
103791 -57924
-27456 -101701
37981 679
-112599 -41115
-63172 -53343
-60496 -26425
82993 73963
-46198 -48574
20885 -69315
89754 -41925
-30014 104098
22093 -105307
-14579 -63042
116873 -16751
34125 -116031
-77000 112904
54770 55171
111552 79331
-79790 -75728
26259 -16115
-103500 17749
-18612 -90352
31875 -118593
64169 -63460
-66327 98164
-7967 39188
56837 -1977
88869 -41799
113572 -32458
-105930 -106398
72880 -34292
-32240 79976
-106746 -59130
