78
-73966 -63059
108527 95283
100139 -109055
78450 -87942
85834 4347
19802 70885
20110 105814
42555 -93775
-50827 35737
-18627 2714
-84704 -89487
-18224 -71776
19452 -5914
99793 -54588
-124642 75255
-31220 -100010
16078 -119986
-53498 -54828
-5286 71519
100124 -18031
121386 -23757
47237 105700
-57584 1475
-74308 33052
-84065 -4552
-631 -91072
85880 -43003
7037 63497
96393 123850
-74915 78973
75500 46671
117977 115168
104335 45042
-66427 48479
40859 42425
76701 78993
-14377 70262
26331 -115758
-68871 -117762
-44737 34100
43023 90901
-610 107500
-71114 109018
-67175 2489
-73656 -63271
-38683 -97307
87938 -109769
92954 -113505
-82473 25453
108159 42263
119651 91041
58833 -50270
-109454 99241
61505 -50871
81618 81416
107677 62430
102182 -65528
62814 -68625
117482 121042
-50342 37080
53413 52258
-83961 93244
98061 -48739
42052 -81786
-120664 52301
-26514 -2047
-42837 16271
20356 5661
74751 75900
61813 -5266
-68742 89832
-21517 -109927
-109768 81611
36597 -121371
85771 14519
39982 -124298
-56197 75325
-65878 56101
