80
12373 -16292
33113 -2609
29981 29441
-30451 -35476
109868 -10390
56310 -67456
-81706 -46111
-289 122862
45042 71122
-17298 -26141
111681 -49530
16199 -65818
-107286 -106571
85292 84488
-60688 -106719
-74055 -13507
-101759 69931
-48830 111978
-26717 23250
17428 55818
67404 116809
10933 -120615
-14154 122931
107377 -102597
-72194 -106856
115459 -57820
-10565 -27377
52445 7996
119253 70133
37436 34612
124763 13188
24084 -125925
8488 -1326
-119781 -101642
25356 34272
70492 -40329
379 7623
-50563 20112
85028 -105487
-93237 -26883
-95867 747
-83003 -44146
2700 -114180
-66150 79348
66805 24805
-66684 95644
-90237 -23830
-61985 100447
114233 -7893
11887 104395
62787 -10637
-103243 70602
-73614 -22551
-8802 68314
-12948 -60616
-68283 -101048
63175 21018
-92128 31581
13864 -89238
104446 124223
-16239 66032
-45085 122685
79018 106780
75883 37546
100777 -7630
30994 -69785
98224 42370
-71690 11848
-51288 85691
83764 74800
-16026 -8208
-121816 -31806
10143 -22020
-120542 -31087
-14146 4536
77495 -98391
21565 -109180
-4586 35892
45911 -69086
106112 -64279
