59
-71043 -54984
32153 -17536
5371 -15778
-102068 84528
25490 6202
51591 -27199
-103006 38792
-54858 -48978
102745 11476
-89709 617
3741 -46623
105543 32694
-103593 -75132
23587 -59960
-18556 -8115
73522 46670
67526 104786
-101209 -61587
-47335 -39967
43331 -86889
43613 63212
94311 19535
36064 -25899
-3228 62561
-102380 -53419
-59635 -49949
-98558 46739
29256 -39146
-83680 40678
5230 74955
-4900 28825
89131 -26337
53378 -95911
55592 -99346
-33468 24587
-49981 -69717
39568 -23521
-23737 -20748
9441 17539
-22145 102911
36148 21212
54312 26519
-21432 -102737
6585 11203
47290 30253
64068 29675
-4083 -100219
-37833 -67062
16074 -72686
-61644 -47785
21906 95078
94752 -52389
-82751 -77799
79742 72198
100578 63903
-28987 61109
-9682 -104637
-69040 76844
2024 -68280
