44
66918 74486
79288 86450
29777 35058
14632 -21213
29876 32728
-55785 62129
-18337 78794
37427 -91202
10904 -18639
-23646 78852
32070 49404
-55946 -43682
-80701 -77974
47628 -83297
-7479 61239
-19441 -68366
44520 -56263
-1487 56346
-88200 -81163
26164 22153
-34411 -23798
68719 52307
-87591 38420
17626 -44366
91937 59712
-89536 45725
49746 -73513
68698 26253
91345 -62078
20545 -71913
52252 61767
38695 -34858
-53592 -23952
88057 7739
-51198 5504
-1511 -59302
-30401 89830
-16758 -54698
-68761 51613
63493 -58722
-28913 23507
-3656 4167
90796 -89520
11362 -89086
