98
-110592 -139535
135683 -25425
34889 7046
51572 50424
-2724 -129410
-4012 12611
-37197 -83923
98023 30509
-1820 -71608
24481 117042
-27270 55766
-29900 -39224
-130269 -103857
53354 109581
-67525 -136976
-86120 -77006
65166 -27843
44201 -33450
34508 -40962
-11173 -20260
-49009 128506
105099 -121936
17812 46220
-16449 130892
53927 106529
96285 74914
130246 72581
10389 -21129
-35005 -12355
-105714 -79706
-12510 -96601
92650 60330
-31219 -89377
86456 -105394
31475 -57102
-106041 103895
-65730 3307
84080 51445
11709 45355
-126117 -41251
-61059 -101545
-127707 -52899
-40762 -29424
104447 117511
-99898 78563
-20171 1464
-28515 121681
-32864 -10298
-106663 -52926
-44866 7868
124859 -138002
91526 135882
-28246 -120777
10376 63644
-131480 15943
49695 -31886
-95693 105102
11309 24757
-100939 -17757
3984 74738
2056 -134721
66940 -72453
-95260 103524
-86073 82512
118822 -11329
97583 -74010
-106101 82738
-1251 -94138
-135200 6435
-16695 72046
138974 -89674
-28617 18254
136384 20763
-28370 10368
-36833 137066
-34885 -134729
52676 104600
115873 -98092
47173 -52748
-84255 65550
-83668 -100128
-61002 -133810
25194 57986
118869 -128579
-137594 -102563
99067 -114919
29043 83328
-53543 118331
45573 -117488
104670 -123287
18309 35377
82149 -116282
-77306 134787
-41716 -53431
54887 45274
114114 -83737
16287 114906
72632 -20437
