42
29013 -14591
-27200 -3533
62504 66942
16751 -16809
65135 68114
-48807 69857
-3833 60708
-65315 76169
-27140 23791
-24308 59262
64660 80497
-81629 -51324
-29039 -81388
-86155 -39868
-51573 34539
88909 -64860
89272 -4900
30812 -73111
27876 37830
79179 13672
42395 -26974
22029 -56571
26794 -81870
-29443 67482
-58087 -7052
-58141 88677
-73108 -11303
-15362 -73888
-45569 45298
-37869 88562
40733 -49744
74034 11004
-70213 88439
-82858 -62696
62012 52141
-80680 61741
14452 73711
-90959 29852
56923 -54330
77894 30100
-34617 -68436
-21561 -7175
