93
-40339 -92878
-119634 120433
40473 133009
9641 -52412
-34821 -59755
-74040 -44635
-34005 -122131
-22253 132682
-21444 -68539
46770 -96662
-54586 80112
118898 104170
-66053 95566
-106603 110047
-70629 -73558
-59714 -74313
-100610 2835
33646 -62317
-73997 113470
29789 47638
-3934 30492
63525 -121679
84334 -6393
129813 -51854
94342 -9554
-58372 -53902
-95984 107454
-53665 -25471
131308 22123
-127082 -65535
-92100 -53404
-95282 55437
-34649 -2020
-135278 -92000
-78257 -98609
119658 100729
84407 95320
-133518 97571
44846 -110394
82623 -120874
-82790 -130564
-50205 -97983
-81725 41606
-78367 96222
93644 -89861
-47830 -135148
-64362 -75549
-34805 68915
21753 3850
-84664 87051
30106 65191
-113975 102077
40367 63686
-81957 33912
-4109 32048
-103625 -89699
134305 -113078
65678 -81709
-43725 43274
-122097 -113793
-103140 -111954
34755 122315
-116689 -111110
-113969 49373
54778 -53779
-25379 -11373
-6575 64021
-26736 -96842
35505 121823
71252 -87346
-103210 -17554
-101164 59695
-6113 -134611
-43656 88343
-14771 94446
-17669 -57964
-25231 -104668
-109494 99615
26926 -49736
-38174 110787
80368 -136233
17055 85400
-115638 122906
-57166 89641
-80475 -100201
-128354 -80470
-5913 -125415
-48416 83190
-99185 60323
20423 -129407
37714 -39128
34827 -129282
44491 -27364
