77
-63625 94128
-46123 118090
80378 -7596
-49795 -17651
21385 -25617
-80208 -52044
-108421 -11543
-14381 -106182
34676 10931
-46293 -6967
79330 -117514
-85903 -115300
22956 100435
-63849 18271
70089 9968
-46421 -55167
-111436 -58865
3500 -102411
56280 29873
-26870 -33871
51407 -40457
31100 121830
10596 -73485
107205 59278
-20301 -21946
82308 45115
-19222 -113495
99855 -99070
-42005 -64364
-30110 50907
-62742 46728
-100970 62119
-122967 -101174
-18097 87739
14216 90061
-55985 -67813
35976 -53270
-32135 -77097
107061 -124000
30927 19716
-113864 -46258
116002 -36554
-37277 40598
-79597 -107375
-110486 46117
-66557 -44428
-115295 8787
-34966 -44264
-8255 -79810
32401 -66638
50236 -121877
105372 111588
-119517 -93163
83521 -41698
-95055 61896
77198 -6785
-32796 113335
-80257 -64537
112606 -48889
-57324 -398
-95184 -45765
-65398 4141
-15599 50583
-52776 -67989
72347 23349
-85354 -89214
24609 18433
-107444 19021
-82990 -63098
-4459 -60488
1736 115138
44709 53316
14674 86507
-45549 6351
-10929 40080
58375 102345
-47837 -99055
