84
75356 46980
-36541 -64842
-38007 41196
-37232 -107087
-55306 -38375
90116 -5977
119359 -114271
89868 -24226
-79496 78449
-106744 121080
103219 77029
122308 -36402
85905 90762
27756 -120647
-115159 62554
38142 -84706
-93154 18032
-79618 -50633
23692 -32939
-26444 68897
-14185 -124914
-2415 124135
-105841 19928
-21961 -65064
102384 -49003
123264 -90299
-8972 -18233
-3883 -49199
89368 40457
-73251 -92775
60120 22750
-61063 -1194
-8027 -126490
60762 -33026
-19710 30599
-44951 -57763
-22320 30071
-38446 90786
10806 -93599
-86156 30835
-111745 -39648
-39257 -36385
-108226 -23146
73340 -69921
90079 -5220
-117958 25147
50899 -29821
37885 25581
-78111 -17643
66671 -30375
121982 -26243
-59376 1717
84974 -123114
88206 -76798
117262 129460
-11837 -45486
-71009 -34131
-78059 -26732
-75668 70348
-8190 55120
-92335 -114399
-50540 -123356
-17005 -54020
93266 52165
23632 89094
26322 62690
52277 -109036
-60805 84820
102457 -48385
-84354 54641
-122094 -24654
-16503 -20791
-124507 -28681
96799 -35622
128350 22711
-24152 -127998
-101950 -22296
-88197 -17407
-120192 -34391
96768 24296
65644 66255
-78065 -6878
11864 102620
25958 -113190
