89
-11257 -40049
123531 8826
-28231 -29198
73259 -77719
42139 118940
95579 123151
124347 -75287
-82113 -112584
8025 -50145
-38192 54115
-68829 -108529
36927 -56552
-113401 -55170
76498 -96980
106024 -97212
74444 11479
69048 -38798
10704 86071
-15868 -1483
58566 17869
4034 13573
69875 -96336
114163 -34899
-120036 98288
-75427 -30616
102208 -99798
-11118 -115059
53302 84057
-21133 -117048
64352 19340
48730 -22576
76604 -89337
-106522 96384
17762 -14631
-47038 -109820
64119 104258
-9675 75546
-91229 -103002
10674 -132321
-52803 -68117
-42913 -46887
72337 64732
112825 -15734
-32258 81792
-121084 25398
71852 -56875
-87045 60754
67545 -94425
102499 46222
61196 -104447
-94127 118046
38494 -118931
98081 1057
65531 -14641
114107 22724
67686 -24872
81647 -55426
69408 -71615
88760 75746
-41882 -124159
-35161 93515
23441 26610
24731 105807
128312 -39769
24864 90601
51452 87985
11047 -73354
125238 32247
-93983 84231
-119217 67874
58096 75355
-70664 -55698
78173 94176
-115994 123975
-44424 69533
-123242 -22917
6640 -9959
56577 105156
15750 114019
-26451 33302
116649 -75183
3521 56062
82589 -53229
125366 116709
99701 -49406
46365 97679
-9479 -27491
120878 -87581
-29799 -57963
