41
-26981 -76386
-2721 -72747
28994 2483
86387 89117
-58101 4961
75377 -81531
-35959 -40475
-31441 -78204
-34488 74614
-45438 47349
5688 -34438
-74306 52892
-4202 36426
-11080 -18687
-3906 61097
-40100 12462
83533 -58698
-50806 12909
-26182 30299
-48128 -66838
-15994 -81684
-5283 68293
-2588 -87663
-79512 43566
-75492 -66908
-8857 -85745
54078 82057
16440 57488
-53840 39563
51337 -33693
25418 -45812
62382 65790
32281 -1011
6950 -52594
-82093 10394
4451 -44629
55191 -58734
26433 -12575
82721 50825
-85986 49920
31023 -54289
