81
-70787 -121657
41391 -124831
-54019 -28066
-88341 -101052
-117223 -14449
-44635 -6537
-25863 -41356
-87709 -92257
-2011 -28339
5172 -18541
-59490 -62821
-71812 31404
-103554 -48366
-101424 117986
97430 100465
-27120 -74307
23579 -13803
-126822 58907
-97500 -119725
11894 -74546
106195 -65972
75102 -3424
-57025 -49445
-51378 -18342
53752 127212
-14337 -126397
67634 -76707
117426 -79400
-104470 120923
56223 33201
46198 5360
68773 120463
14023 99387
-74392 8760
-95368 -28545
89079 22861
8490 -112128
-52065 16856
120193 110065
71115 -102989
71000 30497
36674 -39325
20177 93848
-72507 -99013
-7000 86154
-96365 -63632
111901 -75735
-84938 -7615
48297 -104190
-3641 -110511
-77013 86437
-71858 -119154
-77830 90448
-33537 119928
117770 -23606
-42507 20962
-52644 -66645
-40444 -36931
-66103 124534
42322 -32150
-117132 -22753
17383 44477
-38340 98782
-109310 101142
-51267 -86822
-93480 -119163
64474 77532
-115280 -120721
-38143 -20769
-2221 27094
-35767 -101076
-121306 111841
-6668 -72807
-8550 127047
59196 -3220
-42683 -42887
119231 23053
-47619 -100554
115267 -2100
-87596 -92400
36455 50893
