67
69441 81490
88090 -100364
-16805 111032
-85833 -19375
-8551 1534
63276 52162
-101361 59660
29780 100733
-105876 108167
-74820 104737
94152 17081
-72872 45798
-95132 101885
-98275 93768
39192 67394
-115580 12296
68142 73332
101021 83947
-100061 -95213
-114050 93057
-87077 -106897
-98357 53760
39915 71706
-79870 -42094
-45250 112425
72762 31637
-23156 9266
104576 -22227
96303 -47778
-77742 632
-831 -106693
-111436 6298
76627 -87150
60222 92299
75529 68754
107033 -89376
82750 -97596
111620 -63477
76346 -90093
115241 -112718
108290 79847
-102375 84707
-52088 -83368
8437 -88241
-19584 -79964
-31368 52669
69894 15288
905 65129
-52840 112734
33197 -75886
113340 -15979
78071 -26642
-6490 -84364
-63344 67750
46248 78869
54739 -18043
58500 -12568
61153 -112855
-108297 88268
112045 -20511
79911 44354
-110707 -78291
39375 -68356
-42554 14
36199 62125
71083 -20831
-29846 98285
