68
-115099 99233
-76244 -59224
-110177 65074
76738 73078
-103371 35671
67404 98278
-94780 55255
-14421 -9305
54615 -68490
80406 -104025
-79674 81838
76172 -71940
80132 -53789
-30243 -84222
-60125 92885
96874 91104
-43721 -57416
-59330 -21735
85689 -78230
-3289 -12455
96288 -35906
-3905 -31349
109841 109572
-79942 -92032
-12377 100035
-28971 -94818
59911 -109175
59418 -34948
-58407 -63415
-77705 45460
-37662 -59792
47106 9385
-43224 13327
-91019 41821
6382 45872
37691 60411
94095 101105
-79246 91515
15818 -13449
42720 111107
102827 31633
82350 665
-82244 48537
-30683 97288
-73611 -93396
90189 -59900
-24593 68305
-43224 61654
-56011 16710
-3469 -28074
95089 -102306
-62134 -60518
25298 -82539
24894 -6042
35589 -87394
-96453 56302
-19300 89509
-99843 -19384
-6800 -43216
-40967 -70086
-81429 84914
-92432 -29730
-12464 -93855
-78962 88420
66970 65252
49990 -51510
44052 29431
40515 -114606
