43
77549 -77676
82057 -25033
-9083 -6397
-85798 43875
39133 -23921
1089 -27643
81466 68609
60774 87670
-61659 63961
90108 -41526
-25442 -65043
-68337 90127
10388 43231
80068 -21559
-65278 -87294
-19521 -55238
84428 -54425
-57915 -10716
196 -57096
-63859 24025
31130 49326
-130 -84655
-42035 62724
-9040 6171
-39784 -84143
79529 87100
91200 16699
61787 38421
87366 30581
-89091 -36346
-81929 51711
-4066 -62861
82177 -17796
49412 46400
-439 72073
-30145 43078
-60003 60175
-75 -45449
-29365 83081
37017 79733
52180 -84167
-13101 -28450
36515 -71561
