96
-64336 44701
81323 -5118
-44967 66033
-51659 -88214
-64893 -22400
-54351 -67411
-105150 -34608
48465 -6879
-123507 -97010
-52790 37513
-86934 -41472
75832 -95688
71652 -53111
-96708 -30144
-80472 -46233
-136180 107687
-125296 -114252
1589 8713
-125603 122584
37888 37382
49785 -133605
-121324 106425
56665 -15062
-109636 25056
-116181 22145
-75828 -15073
97326 -56605
-35647 -25193
-8215 24228
-69709 101527
-18508 -54563
108872 103145
-52476 126817
114472 -116964
48940 120003
109645 -101075
-59959 104593
-70961 56654
-98426 44556
-118975 95810
30629 35149
88151 47517
-63634 -93591
37019 128659
-59767 -119549
21516 29194
-124709 -79330
112172 104244
-28071 -116710
10308 29489
-36117 -127579
34370 -117789
18244 115040
20982 91271
121051 135174
107049 -21767
9495 43485
42315 -75136
10101 118689
39540 100405
-75258 78605
16907 -93874
-89437 -5507
-104338 116784
78779 129766
44312 108021
7657 39804
107756 -114816
47634 -20099
31285 124902
123153 40997
135356 -131467
-138017 74075
87487 -74757
129261 95947
-71110 95281
-119078 96392
-6603 -121961
112912 12010
-125829 -3621
-32624 -34744
59857 66784
133965 -111219
5240 80807
97425 -86245
-103083 21434
-11723 -129156
-57754 -105353
-116514 46635
5729 74277
-97918 -118718
14013 93674
-60423 131799
-118002 -18526
35904 -45432
-97245 19536
