61
-27020 1497
-96976 -66778
-80842 81562
81173 85146
72974 -97295
46468 48612
-88465 -6565
-39995 -81948
-81937 63831
-102547 -49871
-39285 70504
51247 -82229
-69908 26074
79434 50176
30976 23711
88495 89211
-44274 56969
39054 57495
58813 96578
-12913 -107059
-40369 35720
-66550 -12416
-71307 -8098
-54286 13086
65181 47962
5493 30382
-46528 -44983
85761 -72545
-49673 -90891
100281 -35590
-107326 17393
58138 28137
95678 -18517
-29458 -58640
5834 -75834
-26982 -103670
-27216 -74506
-18722 33867
-47553 105856
-55911 -93770
38520 -7919
-44368 71154
92393 37263
-34991 25855
24216 56319
96553 -56714
-47196 -56894
102261 48407
-26707 -51541
65252 24772
-68250 46640
48322 -92589
-77267 -83407
-52548 2298
67934 85588
97918 -10132
-14690 -35909
28727 -25959
-34515 18378
-47547 -37153
68683 -11353
