84
-70108 55709
129458 118461
105739 105591
75554 -30652
-107294 90452
-94 103354
70323 -26603
-72676 -15208
14392 -118697
84134 115337
126317 71747
-37043 58287
92633 70343
-60411 118559
70868 115524
-43770 84263
25875 47716
68815 -595
-87099 -103259
40634 49587
101568 -89559
-35605 -8243
811 85228
90921 113341
1584 -123282
-9489 -559
80865 127652
111444 106783
94707 14639
-47162 -69022
79038 -43515
-69434 22053
-44040 -14159
-22917 35230
98211 90569
-58731 -22742
2958 79679
25108 -64468
-30391 40929
-88467 111819
97437 -117396
126754 74025
50476 45252
-102420 105173
-104613 -93388
103999 96071
42287 -2389
-80954 36012
116779 -29501
-123383 -129448
19314 -100724
16826 -18505
26205 76084
70408 101359
81724 -89248
-41874 60885
53123 -8315
47280 70267
30230 74263
-62644 -113724
-47681 128017
-7687 5170
26605 -32733
113123 108317
46824 -877
114888 -129014
90337 68563
-96342 -129434
-12304 -118869
64060 -59689
50669 110959
67493 81379
94910 -101781
-46472 -64065
36625 113029
-99097 -21519
-2974 -29780
-31164 -40118
-74124 -91634
1847 3786
-121154 -4067
-97901 -128124
-53769 -32527
124008 69644
