93
33131 79866
64163 -89719
17731 109173
97607 -94325
-118694 -66731
-84491 -123877
41505 127911
-108682 122668
-67853 -33054
134009 -123916
-59718 -120884
93630 57756
78296 -9293
48382 -13179
18980 -75409
131282 17620
50745 -128425
-69667 -131294
26286 104395
-12461 117888
5059 118989
-93264 65410
-107040 -22669
74527 -79453
38793 42943
51330 -13443
-117987 -107593
134999 -129239
7708 -136037
-118245 -107920
75848 -111209
134706 -34641
9421 87403
50828 -32867
54173 81752
-14233 17655
75806 -86517
-116367 -123630
112891 90939
6232 -64959
-74096 62815
61700 62852
61775 -52147
18576 -114901
58548 -3876
-26049 61553
93660 -108056
87435 76433
-13791 -59520
-5252 111429
-44282 128323
6090 -79227
-20953 -62256
-102221 -68726
135900 -104746
57097 41744
-3538 -84369
-89190 49480
125622 -97010
58273 -16518
72923 102286
-31618 -92236
-27467 118589
87998 33320
133696 36583
-125017 -86271
67811 -25110
78428 -78809
-77627 55721
91663 -53916
5231 -134545
-107351 76658
31045 -52215
34489 -12596
15206 -40810
-62841 -21914
96255 -79989
124223 -79016
52427 -117237
39324 -32620
-25920 58818
33029 104498
103009 651
120657 -105091
27002 -6786
114674 -58343
-99075 -84279
1694 60078
-79197 -94737
-65498 -72094
-46118 -134673
-117091 -9991
6495 114548
