94
-14107 65776
1855 -51167
98314 48967
80909 20169
-8066 -20563
24594 73057
-61937 -134974
-45828 125190
-135078 26547
1861 -78736
-33963 -114934
-125370 -28619
-88450 50815
2517 -2286
-74184 10032
96651 87015
7855 -53628
50082 -121935
-5727 -59184
43873 135924
-95292 -67422
-8226 56016
-34922 84312
17740 -105907
64000 -37073
-55543 7883
-106477 -118340
98666 54329
126196 -104415
-39252 -107781
46780 -77837
63994 89502
-129158 2193
120274 -83621
122548 -104825
124061 -71295
136457 -77056
-103751 78980
55057 74475
-75129 57473
-87503 -129049
-104873 89185
-96825 -7513
-46641 -22839
15398 51271
22851 -99541
-5670 35515
-109206 -101727
-13828 33640
-16467 -111168
-111833 72739
-32160 109307
7276 98876
-30463 135254
-17028 -114343
-52487 -22056
50077 -116383
59484 56875
-28597 -52917
130992 117646
-110902 -72613
-136676 -104904
127977 -51365
-116529 78038
110162 -104615
-60587 56779
54584 -43638
57720 -115064
-23294 -88532
133278 114544
-54629 -12088
-125358 110582
-126354 52862
-30788 -41598
106381 -111587
-14635 -129379
-52327 -42169
76217 63055
-9162 92302
45100 15164
64376 13228
32394 131741
46987 -52948
38739 79349
129168 -49687
-53265 105715
6605 31955
-83972 -118831
67204 51194
-18925 68616
-118833 11063
128515 -31814
86950 -29321
133323 108496
