90
-47386 63224
45012 31597
-82884 -61093
3807 -30673
115219 -35326
-128723 106577
-56278 -119489
52479 107201
19814 42613
-20395 56758
16214 83018
-112474 50612
84138 -74845
75407 25390
-64665 65618
959 46263
-16926 133672
43696 81290
-93172 -32029
-30087 98536
-91877 -19724
-78696 25205
102398 79673
-51090 78438
14995 41801
74793 -77704
-107791 -11168
-46904 -128709
-48381 104400
-110353 -16374
-5063 -105087
-41109 823
-131260 45479
84806 -17219
21300 84048
126834 106465
-121996 113449
31269 75958
-53454 11472
-97051 -37413
-73272 -623
33557 8244
36312 120422
-82750 127405
81899 77163
60204 70743
5360 -115397
-3670 -90489
-125525 -33023
-61763 4877
-76880 71303
101004 62766
52165 -91287
100311 -50458
27140 124852
-129028 127879
85798 -75011
51836 113741
-88288 88078
107302 14151
-101412 124039
-35976 -88604
-6923 38612
17150 7299
42200 104655
-23095 -33484
72781 -117866
45790 -15130
-116936 -78365
-21008 48443
110831 120372
-73996 -69569
-63311 104817
-90095 27031
-62100 -4709
35882 2463
11515 73957
-133304 7330
71954 -41982
74518 96194
77479 26356
58112 40937
113069 -10167
-86322 17336
-5532 98687
67276 -76399
27605 -103698
70767 -10050
344 22398
-110295 126116
