72
-89031 24831
73907 8904
-63521 -2114
-98741 -28888
-108073 -8722
-51620 88438
93638 -5254
-93005 31764
116173 100680
-35422 31404
26929 3491
-91263 -108904
36643 -18055
-88969 -103477
32704 1855
90766 -78135
113663 -67488
110504 -40799
-111999 113342
-36271 -41084
15360 -44147
-119153 12836
52045 -48262
-15165 38877
-50973 98
-115473 -27989
-76376 -95952
49124 63356
99807 43801
59126 -48420
-82235 -36660
62788 30133
-41267 -44731
-65224 86065
-57011 -65709
-16712 83691
-86047 1617
-70707 -3195
-31900 -117891
106132 -37209
10514 -3273
-62282 -46564
6243 22929
-45515 46544
8529 -72778
-38040 104906
108248 32873
116161 -39001
-76645 -46731
60689 74516
-24026 5401
-66672 -86686
-115501 18638
114045 -50300
-478 -21775
87466 109566
-18189 -7954
-45263 -74348
98235 -94059
-23275 75814
-18217 -65387
-93603 -73667
27856 -22527
-31681 -94831
59717 -40640
57739 118179
71047 -84840
79480 70042
-116987 86928
67326 -6030
-100044 -47606
-47814 67389
