93
131931 36255
-88376 -90298
-126399 90156
116024 134233
127772 4605
-7072 88722
-62945 107634
63749 -130053
66382 -6775
46483 -1390
-73221 123611
88324 -9573
68724 -54669
84621 -84052
-126121 -59998
-99958 25711
8630 45837
24950 67294
122142 -135557
-13746 40664
36079 -115449
56918 -24823
131579 -35929
9220 104206
10239 40720
70298 -100224
33454 -49187
-95417 93756
106137 21298
-104407 -50693
-122003 -39743
-22979 -69117
-78217 56101
-93798 54349
-122738 117750
110532 98972
-85647 101011
-96397 -26551
-21246 67308
109187 -74904
-92363 51837
-126773 -92282
-101647 -62439
-95781 -7716
63725 -24182
9792 18383
-124912 97230
76030 -62829
15483 9363
-131441 -119545
-23906 -91382
51547 105031
59983 4356
-55703 119036
-64054 -11771
105483 9485
15807 -47669
95162 77349
79292 5168
-95198 77023
88561 -112694
52190 117366
33425 81137
-103937 71199
-134277 64546
132305 -5043
-37060 38911
132581 -114071
-78688 34399
-87962 -35661
102103 13911
-73848 -136368
67019 27868
12099 17988
20026 60073
-3501 33788
-125481 9331
22411 -25703
-133234 -83022
-103130 -99394
28395 46738
-45679 -118502
-9903 -56924
-68448 75083
113198 -111908
24389 98673
-72286 -84069
18247 -40333
61175 -34381
122634 -131753
21266 -58762
-101000 -6526
-11471 -66983
