48
-90239 71539
-82887 -96500
34552 -31459
49336 -19699
-87722 73727
46891 14642
70933 8402
-49854 -54525
71153 49860
50290 -10923
95794 -46686
59786 -3401
10609 -95185
79944 -17427
-6512 -68943
-42219 -70033
-45471 -61489
-80171 -32370
-14834 -80503
-50118 15465
70051 -12533
64695 94765
39461 10647
-56813 -77203
-86449 70166
-1708 -80422
-21982 -93248
24519 32949
68702 -3928
59647 -8372
-95760 26859
-17814 -74082
14547 -45093
-36070 -62430
82833 -62895
24940 -59478
-343 -71703
-26323 25762
-16979 29384
-48373 -32848
76787 -44439
-18096 49342
-64886 77079
34599 -677
-94729 -22234
-58645 7063
58764 49915
-42105 8154
