42
72175 -62410
1491 54947
-26841 -68597
69502 -56712
77170 74574
86425 -88218
-58973 -19852
7634 -78487
-33735 -74749
79990 -90812
71131 -42605
-69288 11589
-19678 56455
-82662 89490
-34304 -34511
4951 -52023
83373 51379
69894 -55168
-28188 85147
24701 83802
-68940 35160
39521 -41269
-53361 -1714
83454 20473
25265 24806
72801 27540
21903 22272
30661 -90483
26668 48144
60084 70108
71714 -6874
-15071 76288
7517 -4792
78056 12654
-16709 67436
-40716 -9416
-13229 -76373
90327 -46988
58545 11793
46358 -73459
-78218 -8295
32068 -30635
