51
4452 4870
50560 61640
68621 -13531
44283 -84068
-38172 88729
-51947 -81406
-16278 88865
-15814 -20678
-63830 -15690
65109 -9812
6084 -33256
-60830 -50123
10659 71392
11102 41373
43339 96388
10049 -93053
-100127 -104
-64320 62811
-25775 17236
-39637 34488
77021 40997
-14164 -96720
98379 -5676
-40903 30829
-13550 19527
-65789 -3775
-50137 88179
-71604 19505
-72558 -54894
-29912 60418
74257 54548
-81371 -38982
-18713 92342
36493 51824
-90375 -9022
-39487 -26602
-2004 -91661
55806 -70777
74619 -93383
15125 16315
10601 80917
77139 -76469
59259 -18846
-3440 64439
62169 11034
6092 14613
99005 -41054
29945 -54614
72326 -35084
6898 83057
20544 -62058
