45
42449 94295
-91378 61295
10797 67849
16542 82732
12048 90264
-15364 -27925
-55499 -6235
-35478 -23625
-50517 -22423
14074 22517
-1854 -9243
-80314 -7655
12810 -83323
73596 -32913
59761 16688
91928 -83142
24571 -31990
-93700 -7297
15718 -94769
-20198 -1852
52655 -14488
-660 -56991
-80152 -70555
74034 -18917
-54764 -79247
15779 41308
-78450 87954
-92678 76078
18173 40816
-37048 28538
-66717 -26156
-12947 71271
-89123 65426
-5163 24425
-9790 89193
-70733 78820
15172 -54962
58498 -84578
-50909 -35234
2002 90683
-39993 18571
41651 -54003
66559 71952
51863 30721
-36150 7493
