80
-36432 48648
62786 123285
-62308 34784
-52617 84898
-54524 -28567
-85663 41848
-49427 40426
32913 -4315
-11065 23025
-46606 -47573
41283 53440
-72828 -115923
-112557 123515
-61818 -44849
96213 48945
-11589 -119478
-52143 -44629
63832 53190
-79520 56122
-15851 20125
29554 -3622
-96346 -92546
44639 -109553
-94584 121043
27678 14550
114551 91615
92288 -33819
119372 108860
81653 -48770
-229 68462
-115337 101821
121963 -46257
-106992 29282
-28866 -122093
121742 -30120
9638 37461
-98267 50364
-60862 -110064
-62907 -107439
-53359 58549
-61238 122546
-66144 43887
28821 112175
-107832 35801
18347 118567
121722 78622
118335 27743
-125383 21524
-80524 49567
89440 -125949
25330 -31202
-59908 33163
87630 21684
-17345 11738
-83772 -115344
105473 106777
121696 94211
-114942 -9712
86692 -96901
-72738 20444
-33012 -93860
-80877 -87369
-5546 49159
12345 -2391
-103739 -124992
-64259 -9473
-107462 109126
-41372 24691
-20638 95699
-49214 -94569
33599 94682
72250 45887
-46634 113393
-124857 -43482
9908 -17751
79267 16164
-20336 -49633
17971 42773
118538 89174
-32396 -44554
