56
70821 30754
40150 96589
-77171 21312
23339 80445
2819 -95336
-94320 -33308
79135 54169
47364 -72559
75912 -74491
-52701 35534
-15168 -40834
-26354 -29120
-84261 34988
-79675 10044
-44856 -67767
-13446 -38568
29840 26440
93556 -86914
40293 71061
79878 -21765
87163 -77909
-66641 -91614
51430 47860
99885 -100662
-57223 -91553
41970 -54530
56653 84331
73118 -37151
47131 -7014
48053 4060
101245 36218
59114 22522
36658 -103218
-8269 88597
-103196 54178
-63467 -83474
-75796 -3301
87610 64924
-42996 19387
73566 78262
-90957 -73707
-93166 20226
-79416 -88064
21874 -63614
-50524 29587
32799 -96836
56881 76125
-31947 -26443
73676 -12275
-16731 -55108
-79994 -8821
-96414 -31544
-2679 -104025
51780 11897
12272 -95085
97454 31550
