70
94348 108988
-36237 36072
8037 -103403
-1130 -116682
9848 10278
-11533 -114641
65017 96391
116130 -66202
-112437 -107100
98659 -105223
-72345 90579
-51349 -19652
-36397 29974
70685 -44143
-19699 -48111
-29245 -107066
-18398 -68023
-62880 -57849
-87927 21118
-48541 116142
-72168 -71802
-41431 27156
11032 7082
-77421 31384
37520 27234
-34585 40095
89744 92077
-3676 108475
78674 69224
-91857 -15592
101733 -30957
-17846 18660
117157 80032
30643 -31936
-39484 -79794
34197 -52708
64999 -75365
79778 -61279
-44702 -11410
-3102 7221
-100273 -15979
47498 -89113
-69970 -75877
65435 107662
-42389 -33221
-87679 -20014
110072 49805
-73527 -65105
-105742 -99201
64777 -35617
110564 19209
2215 755
2610 -107087
11758 -21536
-118192 -55868
-10166 -114561
-72507 39531
16830 -28539
-29911 114068
13943 46086
44442 73850
-53736 59777
50638 83049
-10236 81624
-82836 -28210
-89829 -89602
112163 11881
-75159 10052
52572 24504
69169 -75816
