97
-40061 87991
100750 -39300
-66464 66288
-71555 -112649
-88789 -88366
77207 -54214
20613 -113877
38657 89306
-13285 14883
-19640 95551
14280 -48804
871 36808
30778 50273
64080 63208
-93753 -116397
-21181 -110674
116337 101730
74713 -12487
131241 41922
-16280 107647
-81523 -81631
134890 -17374
138200 74562
137917 75107
25869 -51067
98994 -39562
132423 -73826
-137354 -95665
26592 -130038
-9808 96503
-7559 -35229
-130568 67872
87190 61596
4918 59070
66258 1731
98660 -6703
-48872 -10644
-47333 95607
-38449 -59854
-126842 115860
80974 -26012
136859 -98682
-102483 30903
75952 -31344
138794 -26206
-122035 -12593
-6163 124722
88073 -136455
-128857 129107
-41856 103429
-3133 82714
-64889 44163
68294 -15690
-29578 -27168
-42030 -58136
-115062 -45917
25358 20457
121776 64347
-85967 -127903
-94111 135963
-116215 118760
31181 -8706
-52225 127676
68663 113524
80015 -13000
47022 108701
61969 34814
52668 -38689
-10226 5685
32530 138671
86850 -99666
-37804 17729
-13958 -135962
-24855 6618
-96048 84014
-32851 117007
-72950 73343
69567 39733
-99797 56888
-28297 -55165
-119924 97528
85567 -91934
12325 -39503
128039 72148
-62696 107584
66112 -117395
-19278 -107284
51327 -71680
71358 -85524
-79754 129421
42063 79223
134799 101620
118947 43240
36599 17778
-94361 -61022
107234 -61800
-8771 -69988
