72
27492 -20424
82841 -76999
114529 115743
-61307 -7967
-38901 112431
-21475 -61622
14908 -107685
-70020 47545
17460 -56710
-18319 108922
-4236 113986
-47363 89007
87669 -54233
23243 66794
-37460 -52029
62013 -69238
107673 -2386
98288 79913
-73819 110166
-48395 33966
-77879 -1086
-87509 -74853
-100465 -27228
-111286 59990
-104647 101235
-91028 -13198
35888 42591
-83518 -3160
-103831 106172
99115 35741
-96453 117828
-6848 39134
-7714 90293
-80493 -28837
-43870 33471
28083 59154
74186 64738
55297 83754
-53166 -117466
-60293 88564
9675 -2411
62337 -49841
53411 97353
-61452 25755
-73430 -56115
-62860 -48974
-9185 -90292
-95133 -50609
32813 76280
-50210 81244
4016 54926
14666 -97353
52437 -18515
-24517 -97843
45642 -91329
-13437 -50903
-110548 -80823
-112613 25442
-70524 4292
34055 -61385
-44547 74245
18871 69962
15483 1701
115287 63583
23333 52558
49581 -57387
-23163 -55147
-50997 -104467
100062 89044
-99592 34015
-75831 -18159
56951 38707
