64
-26087 38836
-26403 -42454
107491 -29873
-43113 37983
89461 16559
-43462 26732
-67498 -64951
-10469 34867
-102400 -49437
68082 -18029
-20721 102711
74772 106141
81478 -101051
-93064 84666
32563 -75719
85717 -106614
81770 19892
-67223 72760
-5240 55231
-52547 2514
-78221 -76244
94964 96292
-15280 93668
12045 -10336
81887 -89826
20309 16524
-61901 -92368
3571 40221
14209 -976
-59132 39102
84613 78728
-107366 -24728
73156 14527
-43699 842
103130 -62096
97966 -22896
-85069 85987
101372 73710
90201 36786
-24726 -63377
46310 -106366
98919 34673
72754 -51583
32689 37955
-5224 73184
22608 -10851
-75080 110571
-96022 -14238
-39307 -13709
-13793 -23323
-67211 -2205
88235 12929
9697 30255
103204 -32690
-20317 -17387
82865 -110049
50133 -15137
103897 58785
38606 49624
-101915 -91003
59626 -10680
22954 41891
50795 -2768
-12101 45924
