52
72366 10047
6939 -56408
-94939 30998
-18588 -43818
-49140 70221
-81030 -82801
-69488 97107
6252 86378
87549 53160
61961 -53728
-21258 -34418
39226 -32999
-45684 -80554
34002 -31509
-23973 -81275
50328 -46826
-24869 -94852
35373 -3818
-54211 53178
47120 43027
-94866 77216
-40015 59494
-53068 18120
-34341 36791
63003 75318
-53419 -67158
-51319 68854
-41680 -42797
-17316 -98800
3572 -23517
84213 88574
-38401 8953
-6830 71466
-57646 -27784
-43105 -6286
-40395 92434
-30606 -47880
-100612 -74839
74378 -89956
-46947 71541
30450 79225
60798 -95296
95558 -23015
780 83385
-27495 36808
-69842 8432
-40949 -100080
-59016 19567
40762 55858
-24232 -88296
-92015 92645
94710 -97566
