71
74625 -95736
-117327 67759
-45621 93242
20500 117079
-84024 -112323
-45561 36908
-94130 3542
19918 -35485
-107499 57327
-89354 -80145
-25467 -37406
-37242 101628
11383 13717
109632 19849
-60661 -30755
-30409 44647
49552 -111980
114443 22934
-78069 58634
30912 31363
95689 93857
71186 -45247
35237 32306
-35989 27203
-38589 -10748
-36639 63875
-11866 69871
28872 -8020
-80151 27914
71831 83794
-96446 24781
-116022 114471
83046 -10279
-62525 61854
-87864 109734
-43083 -112954
22022 113016
-91656 -22399
-50146 17765
-90410 -23716
-43587 -102730
46761 -64940
-25651 -109563
-61331 -57875
109596 -102717
96529 35013
8423 108452
-96122 100183
-14754 -45185
-35770 101499
36138 109289
-102324 -34691
92409 69799
118106 -80905
86263 44867
-88249 27247
34480 88035
-63573 5945
8970 63710
21878 -37660
-41211 -67725
-10840 48133
93964 90749
80527 -80894
28400 -64919
-89387 -8321
26898 70493
-49468 103198
101495 -85426
22927 -110130
26471 89520
