78
-98019 -79208
-119815 -57399
78583 65327
-117650 108221
-119979 83975
-99822 117682
20385 -15365
124652 -16485
-95151 -66787
-123999 12977
83494 16046
-27746 12011
-76430 -68755
99411 -58568
-44158 -118836
-114814 -59525
115398 -106756
-35821 68593
8702 -11636
11069 -63273
118971 631
8691 9777
-58111 -14906
-98991 -57335
64335 -32122
-10738 5696
97049 -104229
24744 -84878
-9881 17863
-1341 75098
82444 -85799
20478 44969
-54078 -25321
58915 15538
48508 -33091
120507 -114158
85239 22269
124366 66938
115342 55697
-9036 87351
29282 45735
80367 -109653
47137 -85778
-37205 -87425
100656 -28155
113863 -68650
-44724 -24198
-107912 53491
-66987 -30191
106365 116760
-122322 -54567
117327 -85350
-114157 56204
121770 75631
-52800 19149
204 -90765
-91295 -57059
43625 -45976
70143 1501
-108564 47242
-3587 -103571
-30749 71095
-78356 26918
-100804 -19026
55547 -79873
-92978 90258
21151 -23429
52755 -98352
-73097 62791
-62561 -32327
-41710 39834
41602 -104810
-121009 60980
15329 -37252
-123539 86001
-23594 22841
-30391 52768
34584 11430
