55
-103413 -21296
-15423 64678
95552 5608
-63741 -48159
10216 -24332
14414 12164
409 83235
-40655 15965
66847 95644
-32094 31197
-67831 99035
-96704 -15956
50521 -78227
38225 44566
96370 -77353
2932 -86117
85718 47323
22995 -76212
-12672 -8613
32760 64254
-78254 -22022
91597 -85402
-51007 -36864
-40376 23717
-5457 -44464
321 -30911
76691 -52974
-6449 -91561
22091 71621
52799 58006
-12711 26456
76347 -102876
22355 -17789
-91826 -6796
40568 -56207
-42832 23667
100572 52296
-93403 -104668
-75694 -13969
56632 -29782
87500 6224
16167 48715
-61993 -16935
-57720 689
-92870 -31213
102676 86304
-72852 -8811
-57569 -50749
66377 -68853
37129 -37571
-76971 -56539
-90819 6690
-27650 12532
-36933 -85589
-43104 -89804
