91
77623 4622
-84530 103739
-89284 17941
18277 -95162
-16241 44295
-4454 -21343
82901 7134
37205 23776
51552 89081
16432 48991
-84312 102362
77967 26444
-10295 53345
87016 -74193
12545 29299
86540 119911
-114281 1886
23336 -9841
12714 -66364
-13629 116635
125201 117367
-102770 95706
-114910 -78312
-81780 -13364
16816 35723
41192 104410
33847 104158
3135 106807
32797 88610
-45783 -45317
43428 -10755
-67920 57777
-67390 47179
53028 -36439
61196 50492
-30390 105800
-7186 119819
-30131 107391
106193 130136
45366 7069
98612 -24223
105169 74436
-87212 -56627
-75772 -64837
97213 94189
-64385 -59875
64264 98650
-43399 46691
-1643 73754
-10447 23738
-134730 -132509
4628 126271
77855 28949
-6916 -131105
-72947 30463
11046 -100520
133641 10502
-1461 125916
89002 20284
-20190 -82452
49391 52070
98852 -77002
-106814 105855
6351 2785
-80421 -77258
-40111 28251
91046 -110205
-80887 52432
-11341 12407
54258 103323
34169 -54272
10289 -47269
29198 124913
-15681 133133
-70447 -47223
-121134 119056
-120321 -6315
16364 77210
28676 37841
113273 112775
20476 30189
1075 44103
45178 -74046
49896 101799
-111065 -51531
-50090 207
23028 69893
19238 72562
-47496 76604
16492 -125311
98946 110563
