41
52924 30687
88125 8057
-53912 -33613
73967 32284
-22142 84453
69232 -5682
27396 84124
60332 31324
-64723 70695
10912 57488
66259 -83869
3440 -20345
-27090 54040
67724 3306
-33469 1434
38697 29600
69534 -43717
50838 4799
-8453 -39855
-65395 -23164
33080 -17951
-21073 40342
5194 -3887
85878 -89569
-4063 -61292
-78314 76542
-76245 -34004
71879 62528
61125 17332
34302 -53889
-8452 -87631
18895 43507
37320 23968
13808 -88937
8574 -17191
80092 -87415
-52560 76960
79018 -8992
86943 -70635
85814 38933
65620 -86496
