76
-35135 -98361
14512 3924
-76412 -78067
-91794 -13248
31153 -11398
-31654 -72556
-42365 -53778
-111962 83574
41176 21937
-82636 -39627
24584 120793
-84979 -16531
69860 52618
99071 -63674
-64234 -57892
-106657 -62427
-33204 71151
99858 -25991
-122240 -8089
-94174 -101624
-1788 13864
-70126 -118459
103631 -87423
114788 76878
102234 111834
-96667 -9195
43296 -11287
82061 -7267
14876 72518
120522 -3993
111000 -122259
-45968 -45589
68530 3623
80909 1588
-67371 33488
97329 -12147
86600 -84326
100203 59654
101196 46572
8332 -101582
-467 34749
-27191 -114006
24842 -35062
81727 77298
68618 -84624
22512 121901
116220 -49460
37427 8325
75303 -28212
89154 -40905
-119082 -84978
104142 -46650
67595 -90872
-87364 -110665
-98435 -27191
-4915 -105823
37036 65860
-104112 -39121
20068 -61842
-87162 57042
116725 63370
44007 33705
27327 58883
-13384 -69233
122618 89721
59032 -73536
30030 -122757
100367 -14753
-62973 -111435
103474 28906
-40215 -80317
15867 -107381
12378 -60534
121289 -93259
78365 -66950
-4216 -113050
