81
-48154 85208
23965 87426
-54439 -97495
48801 -23910
-53234 -80646
122059 -114421
110939 24259
75933 71028
88808 -86895
-23019 68076
-38638 -51129
-82578 -14015
-109439 14618
14123 -79776
86560 74906
-74477 -61578
-14261 14747
-20844 52962
5265 15164
-80240 13285
95531 -68653
107646 14389
45443 -19307
124668 -83
-20414 -91643
-122513 5575
-35271 -49432
-9949 71123
-36467 -61044
-7994 9698
-8452 -67567
112428 -73838
-126070 -106507
-103543 15712
19212 103144
-85511 125409
-58388 74033
-116711 -112247
109400 -101394
114842 91596
30250 71042
-14267 73840
47438 75998
19346 98760
-87019 -19461
-108929 -116482
84472 61368
-84017 22249
101429 56
-88948 -24300
94472 -49165
111485 -120441
92791 -111433
10743 91217
70620 20987
-47842 21334
-76822 -56444
-34370 65375
-76975 22479
85223 91479
-99159 -29368
-22439 92927
-34407 19309
-30008 113001
-108823 28275
93529 77312
-53050 -23288
-65949 -53162
-36712 126608
-61277 109665
-34206 99994
-61839 -19564
96001 120220
-22476 -76043
-32566 88868
99774 110071
34941 -83835
-12023 125607
-38652 -30917
-101265 35201
-85630 24868
