39
52006 -68313
82958 -31764
-45420 74926
-48309 9424
-66311 2413
-24882 -25777
-34868 -13974
41545 -51214
84657 -37361
14793 18937
-88112 -31219
-729 85990
-77604 -43703
-87405 -50949
-83133 59231
29995 -39998
-60517 16264
32603 36136
-77356 -33523
40825 24553
-27062 -68869
82039 5383
11669 76201
52621 371
-53337 -27735
11956 73367
-21400 -75702
-1666 -64843
87716 -19536
18578 -72103
-79621 -28881
-4351 -58012
34795 -39003
-53946 54653
44631 -78856
31254 54826
-80837 -52447
14706 71870
54648 20356
