64
80484 -103800
112336 -21002
69545 8600
-98204 -95709
101210 -52797
-112516 -94480
97796 -32061
11094 -17001
70831 16969
41454 95205
-93130 -95862
-94963 36896
-97194 57946
-39873 84104
-44607 -93047
8206 -84602
27466 10160
-83646 -83556
-86781 -110256
-22154 31459
-111619 -23436
53361 27082
-82895 65964
-11835 -46835
1660 -11602
-95393 -100494
97571 5537
-54122 -13849
36700 91653
-43064 -99028
46606 -7239
-51808 -66767
82599 82716
-78114 525
57675 -99177
-44092 -19171
103013 -54228
55164 30653
91542 -47154
-39213 -85627
77709 8359
-84093 -14346
101588 17621
-26470 -98116
-19515 -19473
-100701 8903
-76564 94237
3880 74651
13645 50731
-15549 -19411
-16152 -75431
-64144 -13970
82623 102979
-95952 -99785
72575 -112684
6024 13950
-54980 56933
-71901 94318
37269 -59193
-67123 73253
-932 22263
17799 53404
-83856 -73605
63573 -62283
