53
18417 -62490
30381 20809
-60681 -84126
52435 -82616
11317 -13499
82710 -75207
57578 -77404
-98062 -82443
74413 -44823
-37631 90293
-3804 10735
48839 -25669
48449 93598
16027 -84849
101845 24274
62290 -32744
-81240 69980
-89975 63099
-9401 81917
-66911 95610
-32744 30541
70888 20271
36804 -23383
-68842 50096
-19674 45910
51384 -17611
-54305 -32243
-102741 -39247
33528 -67021
65301 -35609
49506 -22489
-88561 -41148
-48749 -100525
-33897 -45980
-33411 -54187
45759 71763
12063 -35502
-72460 36980
13534 14197
49002 -24026
-47237 24563
-14729 -71555
-102546 -8933
-88550 -35351
-12657 98684
78752 44733
66269 -49558
50566 -52125
-91746 53113
63222 55619
-48548 -16320
-87402 -15485
51332 -49203
