71
-45896 -66556
-7035 -44016
60487 57785
56027 -61855
-67637 101278
40050 -50695
-10680 62536
-12602 17950
958 45776
55200 -96041
11313 68757
104183 -67931
-60741 -99386
-47878 -3225
26977 -89346
117526 -25558
-113154 105292
94195 36229
-104443 34745
-61223 92871
14827 -16422
-82077 -82800
63033 41871
42174 -108707
-31692 79383
-45455 -52899
41942 50438
-25445 107880
-113803 -53040
40056 -92618
92501 68499
18516 -109436
40076 95750
85050 41271
61682 -18457
-12495 117470
69351 2564
-97812 20303
70828 75449
-97119 -109771
66611 11442
71941 -60239
-13669 -69122
-37938 25320
102898 -86075
56720 -100019
-95504 -94874
-27746 -84769
-29722 -14213
-61480 5920
91142 118356
-66278 52384
109221 -96118
-25553 92503
44715 53565
33664 -16288
115007 76652
45646 116181
83781 119163
52260 32433
-114167 4383
-118843 -44136
-65975 37397
96756 -32040
-90635 -18378
9441 97962
-74670 -108257
94445 27512
90220 110602
-4511 11327
-19869 97138
