83
12644 98483
8332 -32541
21486 -2764
65476 30014
-40465 -77845
-98129 73214
14039 87825
128544 2564
55206 15971
-9764 98429
-43736 -79480
73237 34733
44453 56620
-111188 18458
-44696 -46150
-112304 -15919
-50543 -70047
61480 108418
48619 -98704
-86281 -108330
41278 110819
-116298 16204
41675 -19915
-49056 8529
31681 -25113
36035 -41470
-22082 -29140
-105911 -123359
-63532 17941
86226 30471
-68771 128731
64843 -53309
121632 77823
-102477 20032
76694 -24233
-58845 -18686
112099 40659
-28529 -84235
-9419 4304
128807 -57251
94490 -54192
50783 -97382
-17522 82572
-66073 -80236
-17942 124792
-104038 45640
62421 -14583
79452 -25298
24839 76685
-41622 123989
-108434 104539
-69877 77608
110596 -42066
-18341 69053
-114856 89431
101103 -7640
-78708 98065
-113438 38558
108163 -42082
39241 -101689
-97349 -81561
-80943 56007
83481 88518
-9244 99748
6980 -45505
-86388 39238
-48120 -4884
-61736 91705
-118916 85659
-22563 -105847
-115638 -106720
-819 -106586
-43263 -5981
25012 49346
-50222 80808
128818 -10961
14155 43197
97645 -39548
47864 -107333
97587 -55710
-121549 117878
-112749 -3042
105986 7759
