45
48286 -70323
26720 -38977
84884 -31526
64216 40536
-18418 -67708
84600 -42265
69754 82496
90057 47243
-58787 6871
-7877 22521
-4327 89680
-56989 34015
-43852 -55301
-23750 -93879
78078 -22668
-71953 85610
-89300 36582
82406 48830
-56231 -5350
-92328 87361
-5440 36677
71004 -92350
-79811 1198
72711 52847
-63489 -68726
76369 -94028
-4193 37506
5230 -1929
19079 74207
33285 -19887
32282 40170
-60154 67270
56961 -41716
8860 14894
-48278 11993
29819 25928
69726 60414
-88941 20481
-32720 23238
65727 -15874
93953 75787
39807 14357
74944 22661
59923 88419
-45259 14312
