95
15794 118234
44185 88723
-32325 -63038
-19993 -55789
-74125 115221
50755 -35741
118846 94002
-97483 2837
-44641 -46408
-25808 133127
72254 2887
-111203 110286
-81062 -88070
-133421 -68493
-79072 -51472
25648 -130124
1343 -21096
-61086 49725
35021 60370
-1690 15864
-40400 111785
-79931 -118842
57217 -35742
65426 -90979
-42004 54304
-70294 -49806
-105834 -114763
112345 28060
97052 -43655
124272 -78648
-81057 -35480
-135118 88577
-92124 30015
-5828 -43824
121806 96524
-61321 -71340
-42893 57471
-128340 -68700
-44179 119344
-84817 -52755
103503 -57731
-78763 61485
82798 -87944
-58917 69646
-3099 35181
-90463 -122445
117851 5654
58987 98605
131403 14744
-56327 -109458
-39737 103502
51191 -14396
-47152 5971
-30933 96106
64083 114952
-25195 -100140
38069 -34737
-12765 -123350
-133414 28525
-96054 -27052
-408 60646
3054 -69356
-105458 -47878
-97845 122258
-80207 -19638
-100370 -63652
106799 -74814
63438 -73335
120390 -46465
44555 -58155
-85775 -29590
45132 -121448
-95909 109611
134480 -68874
-113588 93905
-65050 854
56993 52030
-44018 -116956
46032 38875
8199 35901
56929 66070
22889 -9916
-70990 -40780
86695 12364
-44816 44132
-12883 -69725
104326 86341
-40951 100653
-80308 -52663
65120 -101532
-73398 -12226
108952 35486
53195 -104149
-79033 -31499
-80417 43682
