94
121567 81371
-101212 -41807
-8561 94756
90033 52650
-55411 65557
-27079 78519
24012 71268
-32815 6142
-64709 95649
121151 101893
29307 91813
-48599 -105998
-75249 54529
130916 -7094
-31356 -105360
79260 32282
25777 -51645
-90885 -48267
6362 -136879
1553 -29893
-118583 -124625
-52447 -8191
58210 -45662
132984 -102960
108013 110907
111733 -10121
94824 -24694
54131 -91072
-5576 -100219
29055 25069
25635 61924
-3480 -136891
-29419 87213
79934 -26817
-84020 135214
32791 106444
-8012 -102769
-37715 -122877
76171 -120893
-32778 51351
36766 -50575
108854 -133583
13441 35316
50635 76702
-64022 103104
-63899 -8200
-96704 -93555
-24983 -7403
79430 136335
-87640 -84860
-64514 -79700
-11162 -136388
-54977 -114151
45150 28251
-27229 131255
-131343 -16429
-131551 -17648
-121276 -64449
20415 -49378
72904 78270
42956 -15487
126181 -27717
119550 -9571
-14420 65402
82927 -69188
59018 -89077
-113850 116518
-92981 -127560
-81939 -115205
109905 4562
-65704 -80551
113450 -128352
-119085 56810
30450 -109407
61860 -131179
21252 -124269
-73789 103552
84409 109095
28831 -57033
-74495 135267
124785 -63535
15033 115090
82913 -9156
-109624 112212
-103602 -92615
-16220 121963
47870 -46415
38911 -114242
-88791 -18206
103213 -20117
73539 68122
-68183 93775
-106942 135070
-133570 29429
