70
-90811 -32921
-23210 90728
-85224 -100161
104564 10497
-21974 -23299
-89688 -58973
-13775 -100290
13061 -41390
105983 102891
60747 -56344
-9219 114320
18974 86369
82734 -26906
116788 5850
28140 -23787
-22141 60062
43802 -64844
-67249 -10244
-30451 -64414
117522 -63210
73890 -111660
85047 76460
3247 -110751
-114025 44332
92196 82159
76023 70079
-68961 13526
-15385 -63098
69929 -40072
80288 94605
-57701 -104727
-79902 31876
63053 -85388
-116909 71213
-111899 -77188
93916 -57216
-92783 -32915
19535 -114764
3511 -112922
43337 92219
58043 109553
-107740 96184
42747 56764
16901 100891
-4946 -17748
-15341 69407
12649 17711
6969 -70539
-104752 115296
78333 -92170
14444 -115022
-9945 73260
-77462 -46637
-13747 32031
107494 -55625
113289 37581
-70645 -108514
-4073 44124
-29051 -85174
44913 1073
37766 23414
-56574 -3878
17709 -108114
62504 -50281
105353 87426
-50253 106660
31156 -117800
-68568 84424
-84696 -28416
-49539 -60341
