85
90457 1714
82701 15079
-38820 28810
3100 -124624
-18710 39854
-93763 39861
82067 -77962
-97434 76392
-20369 37961
113348 -25290
-106210 67898
-110136 66877
37992 -84354
63538 123288
-76494 -54650
26403 57
106022 -49896
115652 59841
40830 115922
45752 50583
4157 20570
42257 100941
-125463 118000
-68147 69580
48693 -3546
-79403 115715
-89222 99078
67935 -77742
99495 -69445
120720 -56728
-41974 103707
98470 55326
47803 -117721
-59180 -14494
-92085 -74844
-33694 66511
57666 -50563
-99307 58175
-14887 109570
99884 -104871
115610 60817
-76456 120746
74117 -129646
-38207 25836
-99229 43236
-98530 -57260
-102064 -84182
-33826 -130276
-111392 -61991
-14012 -993
99268 -17598
-45732 -90556
84050 22264
55437 -38277
-68630 25660
-73674 108984
95392 -85064
112454 -80471
60722 -123078
-60433 57681
-125264 37753
-129867 -83012
56963 26873
122614 45264
88982 -64191
-89556 -128517
-99488 111515
42764 -53517
-17013 -61057
-12655 31213
-43398 59256
-109320 51276
-53560 -47826
36615 -98307
83979 41846
65684 -88042
102836 -120244
100666 -86088
99305 -53436
100943 29918
100693 -103738
74673 -62241
45692 16274
-102667 80626
50215 108572
