46
61847 -76461
-24933 34781
59300 73531
21658 -65450
76583 94221
-92176 83671
52215 66591
54879 -65289
84829 -42361
63461 -2925
-22674 -35708
-88580 65290
-3635 30339
-14115 -83237
-51494 -46680
56291 -53245
-65331 -1901
-28227 -79089
11975 88908
-3527 37363
-88833 53434
-83918 -75537
-67978 18550
29763 87117
-27963 -88526
42934 63223
-3307 12284
-48609 -16494
93251 71123
28002 -68829
85167 -531
-77604 58036
-37719 -32286
-75392 64791
-92906 49764
-20810 50935
-24980 50320
16141 45771
9616 -95845
25013 -67501
69926 25494
7698 85044
-46013 -49110
-92385 33851
-7137 -63202
-29470 47516
