40
28082 -53417
41753 78663
-727 55875
27151 55448
-57504 -28930
-66001 8608
77425 -81444
71601 -64801
-12605 64484
-86809 81165
51161 85937
-24337 57955
-52349 -82196
-67568 41499
-52482 24186
85912 24216
953 -86341
55923 -10995
-88590 -82348
37284 67777
25571 81798
59942 56773
86072 -51114
-63452 -45306
-4542 44616
-67420 -15838
-82934 41824
75649 -6235
-14278 -42938
-59717 -7734
-20308 9650
44491 -77546
-82668 -114
-24919 -65022
-2215 54315
-1827 74813
-22537 65066
89404 -33986
22072 57119
-46841 -37028
