94
-49787 60823
93118 63216
-4183 -6119
136304 -9104
-52579 -22918
-2448 -99096
-113942 -38848
-85916 -33359
31295 10075
-132572 70778
66132 59396
-117307 -108984
-9185 -70377
-42013 -33586
61563 25799
-30656 131704
-39626 135175
-52485 -57467
10644 118111
135708 82897
27792 1540
126076 -98966
-117384 126395
-5373 71102
-17680 -82395
14117 95703
-9833 -133602
-46627 -51677
56817 -3714
-1641 132784
-12815 34866
-62684 -18869
68560 -98420
-54119 121569
-76345 115744
47094 105227
82116 -61413
-53639 -67348
23272 -67556
3264 11287
-7735 -54582
-79812 124162
-106118 -49837
-4436 69126
-133178 129328
-72638 -43658
126969 15934
-90480 25990
-76023 106968
61366 -38760
-133934 117550
-119769 15240
19339 51538
-50948 32046
123384 63276
58253 -136844
-93113 86437
-57539 -86957
36648 66075
124822 51842
57652 -8644
118334 -25914
-79792 -22211
-6415 -57044
124837 -2795
-2513 26945
-35431 1500
-112611 130680
-43287 66617
-46757 -11830
-38030 -30046
39724 109522
-122837 -43224
135460 117273
73659 29981
-22631 -60068
98503 23635
15979 17402
66687 -33506
44098 -6161
71865 -36886
-97322 55922
-48319 45052
-51995 30752
81776 25620
-28498 3203
79591 -20012
135836 101731
73194 -37223
89202 117664
-107148 -68493
-107679 101513
-24788 76598
46585 46638
