76
-42093 -37233
30564 61518
-108045 39167
22112 87945
-57798 94017
91386 -35603
-10092 -33672
-51935 -52170
59157 -76672
-80946 40847
-114728 56763
96808 -30916
-84984 47592
4375 -73266
-53597 107549
-66161 -83218
46057 3163
70710 -78631
57512 58853
-114424 -65267
5673 -106397
60599 -110996
-89740 -57978
112234 113491
-4768 -84477
-61472 -43056
94841 -17366
67251 107659
3876 15478
120845 -81103
20172 -45417
13256 21464
-59220 119814
76561 -103874
62045 54928
107354 24262
-116774 92363
-120058 50690
83073 62254
-79519 -13658
-20698 -41093
-17245 -93216
-85841 -104534
-83229 -40579
23991 42460
-72089 16458
102737 109217
65038 9199
-28614 -16969
-15018 22210
-37550 -3716
31913 -118257
73445 26220
-95710 -76040
291 -32583
-47567 -98680
-100824 -30301
66915 -12019
-4302 -120148
-100251 107518
-52293 -28055
95152 12732
-89022 42358
-81521 58713
-6065 53027
-69762 -87675
94134 -36550
-45425 -9701
107857 61206
78812 98738
-53316 -69801
-15243 -3812
-49172 39447
-75403 63231
-66186 -24330
-9449 121560
