90
73244 32371
43826 -6595
-32852 98403
-64709 -9548
856 -33678
76820 123805
10347 -130206
-133007 -79416
75191 116678
-114527 103708
-118386 -71543
130855 -83573
129843 -117932
41730 -124357
68703 42337
-123397 110621
18375 21849
48734 -60335
-60827 -118994
18526 111028
46519 31260
-9974 39112
-17611 -53018
-122401 -130943
103085 -123597
-1364 -12251
-116403 2285
-34239 -78024
74969 45101
-43727 -61453
-112771 -111024
24517 -47101
-70527 4913
68957 28251
-30459 -1851
15181 -55812
-13116 39136
20212 64439
92159 -47488
43577 9491
-123665 -46419
-3821 -125251
3188 2843
60459 77638
29490 17263
-95725 -88378
27290 82416
-28325 -10142
5676 79069
115489 102844
25909 -81262
35769 93630
-49986 13393
64381 128922
48418 65793
54099 -42352
-42349 11322
-8510 -111216
-83849 104934
-48167 37063
92924 54506
-79449 129009
-68802 -96436
80544 133472
-919 -36195
15153 3767
99848 -43544
-98414 -68420
698 77846
88631 -83956
-91994 41151
-88766 108879
-71818 -100624
72857 36285
20874 30323
-50075 -77906
-20573 -44633
-128488 77726
73991 78846
-10654 -20839
-63827 -93056
3365 131503
49349 133882
-48802 122002
1603 120377
105649 58266
-1120 40220
-86060 -77948
-59165 -115275
65912 120972
