86
43950 9609
-39717 -38489
-125639 -87032
53473 119410
-69708 -11116
-16658 63750
55188 15594
-109402 -123560
110412 -116527
-110713 -123104
-40831 37806
86510 -26743
-128322 99026
46036 98934
89698 111722
52547 118752
-17068 -110740
-75169 126220
-90108 63281
-9378 -103867
100410 -101055
80326 -15241
120593 14686
118084 53548
86410 -102688
18069 128143
-7242 -124153
125229 -98186
26596 -130829
123957 -86702
-52192 -92075
53019 -11013
13483 122112
74940 69514
98528 -57618
130883 -109502
-21548 84833
-115791 -125038
76226 -34108
245 49306
-13036 79543
-4994 -84513
16678 77843
-38708 17085
117932 -12409
-107118 73296
16017 -128184
84019 77165
99041 11668
-34575 -56307
-130151 -21826
43514 125188
-32335 24003
55568 -72876
12512 32575
122778 -107926
-14323 -70002
-47250 -74727
1951 -104142
-83674 90435
69537 -9265
-114944 -46104
41078 -8857
70898 40352
82611 -114103
-24713 -63082
130885 -130306
43886 -54653
-129124 -99733
80394 58470
73607 114910
-41348 41141
-76722 -39209
75419 -626
-7267 -23977
-41715 -875
62575 103804
-45865 -101137
-5199 -99444
46942 18390
34540 129622
-30839 4362
-44980 -11183
45403 117910
-85292 -9754
32340 8289
