81
13979 44364
5317 5581
8793 69760
91319 -68395
-74402 110101
-108713 115379
43799 -22444
100667 -29750
72616 12989
68751 -73961
-1502 68165
-98651 -7241
-24051 85116
-39105 124834
-105496 31591
100361 -108865
-43887 -88510
104452 -100383
-81536 116397
-2820 -27835
12293 -108399
-36009 24635
-65558 -97561
-81141 -17183
111259 -124279
122966 25425
105974 20143
-40161 -73321
-33153 -28552
-11436 -119709
-97437 19295
-73893 104045
42563 8208
-113058 116583
39215 65878
82359 36711
51450 -56990
82833 -15773
-43512 28667
67355 105475
-58749 8722
94106 31950
41149 -106254
48170 2540
87659 109797
-58020 16240
-23046 -118325
116817 -566
114851 -37942
-810 -47762
49259 -66297
114277 -74167
95803 -41102
-76492 108438
79347 122959
-12273 -34806
-54631 117727
69181 41401
81657 -15477
46157 62068
-83932 -119128
-90938 60177
-70567 -49940
-77585 -66510
-83291 37722
113008 -78824
84517 -114248
-21897 44543
116151 -42431
67088 -64592
-32460 75787
78079 -117142
-55450 -63117
9688 43725
-95240 -22619
-22566 -87863
-32600 84007
-126796 36278
57415 20898
15408 108120
-82923 43858
