85
64260 -15979
66354 -51866
81204 7956
-30203 55890
-19814 96605
86591 -61751
-72961 53374
113058 -102494
-4496 -50205
53342 -36665
103004 20690
93919 107990
-80544 -27164
-50971 11181
77731 109360
10700 -49850
-97717 10803
28625 -69102
35528 -93970
97091 -83921
-68345 -86946
-79369 -61413
-112799 -38707
-55065 85710
21102 62050
116428 -61296
11189 25115
57407 44989
-116535 64421
-80967 90375
127013 -115809
-16801 -946
-105309 -129556
7289 -10867
-55927 -97226
-63977 98842
-93116 -29712
-106623 13338
5009 -83758
-60331 17483
89048 39018
114107 42546
-26666 -57084
32800 126757
128673 7512
-90995 -99718
-57393 93229
111313 14990
124226 -77612
-43062 -9033
35841 78692
94830 -130339
45989 97159
-35699 -109059
-72320 -29310
56558 91116
-18617 -77309
-100296 93289
56311 -110287
-24278 70336
-2553 -113252
28983 -10993
-65875 -3643
-66423 90384
-13638 102270
-1998 -12778
45480 -25203
96724 120113
94175 107479
-41587 125880
-81767 -124652
110220 -15238
-54850 40120
-78557 -125151
90683 38759
101735 -1345
109705 105939
42188 114857
-53296 80155
64792 -12155
47775 33904
-57573 -6292
59034 117857
38986 -54934
-53459 -50170
