97
40737 91090
68057 14340
132194 -35951
40362 133691
-59222 89779
-138138 -91229
23801 -128829
10841 45905
-23128 -125117
87196 -131763
-61214 17956
107077 10099
86670 -136541
51273 56204
-77245 -88587
126695 -82588
77486 137953
90591 -14323
62383 -8044
-12150 -74834
-122419 118343
-99128 96707
111152 11838
-68454 44792
-17366 -115714
12126 -40214
-127344 -127488
-119691 -25503
-112387 -37046
113757 -22586
127199 -5625
90250 -16063
91636 -84114
74825 -44640
88548 -124011
-79968 -71783
-32781 3389
-3086 -58147
-89695 -131068
-69710 -47469
-100404 -46691
-117086 -104310
122070 -83308
112168 -130888
52998 -136744
-83049 -61528
-97490 -37614
66260 22434
-17482 127059
22823 108843
-66987 113333
3892 36340
77324 -66994
-88634 -92434
78656 87369
-111818 16912
-70849 113976
-134990 9701
9875 125754
98672 -100355
-110482 45290
69997 71922
-97430 -136342
-38678 69967
25480 20025
96619 116446
-93115 108589
27678 -16022
70819 116139
-136274 -63783
-34140 73293
67780 47451
34656 12906
-84883 136720
-96518 -22009
86739 125979
-137769 7307
64850 122204
-110872 22189
-67343 38705
-59895 10717
-137620 -7683
85381 94548
-9851 24518
1787 -98184
22471 129238
-124293 -8929
-137016 112067
-62668 -53532
-35680 -104622
22649 -57944
118164 120899
11838 -87122
-131350 122827
-127753 -8525
-92152 112548
75579 -78144
