94
-79177 67269
-36999 72911
-11330 135822
55856 -84699
26802 127723
30066 113000
81332 -1946
-4265 39202
29564 96704
-82717 -67491
-71402 -74165
129766 -56697
49405 -19307
114446 -91276
-77682 131440
-74376 -132701
-111958 133068
111335 -106617
-99229 -44847
-48527 23381
-112477 -131340
-72028 74324
16968 39406
-4082 88974
17289 130162
106326 29955
-40532 -85440
8677 -90639
16379 -99767
-53509 97769
22935 114992
-99257 -38377
-74324 -99812
-36721 -2618
-57638 92444
121339 -23759
130251 -28607
-71193 129370
-92255 -8831
112034 84577
59739 -106125
128837 14947
118827 62409
-64426 30059
-49705 -117069
78951 128320
23927 121875
133945 -117048
-50764 105288
129381 114146
125907 15257
18401 -79166
-64984 -90642
-127739 -113112
-125592 -74635
58171 -71678
47281 130535
-84028 -54876
4074 -113825
-46867 75712
31705 13809
-118306 -84397
-70037 -2857
-76794 60451
68645 -131855
-11152 -99
79014 -108709
-75264 132625
-69956 99964
39103 -30911
-57983 16487
14444 96305
6812 117244
27667 72446
-104627 -68350
-18665 125326
-116590 -77280
-115017 51781
-63254 -10653
-73507 -74373
13334 23130
-16218 2845
-126208 -58221
-60168 16174
-113219 42104
75047 -20182
4703 -75808
58582 17109
-36784 30325
121838 -18107
107983 34042
23893 -57148
58070 42614
-6488 -61686
