78
-56630 -80588
28507 110273
113369 -6559
42997 99460
22241 -107522
19834 71632
-1815 -105834
8064 33210
17364 -101846
-118277 -88607
101417 -121776
82468 66344
-34410 -116905
-3046 -92313
78095 -4326
-59749 80751
-114012 20713
-73875 88371
-65907 -38777
-113202 28748
85720 -43820
112171 -75970
48815 47872
60012 122973
57626 -30512
94486 -13075
-93698 -87911
-47555 46398
65070 26401
380 -32239
-78379 -3260
102892 49888
53557 78518
-104845 115374
103508 -59503
26228 -7996
-115328 -55251
29997 -81917
67162 -59338
-85350 -58141
26723 93021
-12946 -109851
16794 56482
-123134 -105058
92043 -29710
67515 -37080
97722 19104
-118234 -7081
-34213 72898
-83275 -57297
68117 40316
-53554 -68371
-99680 -45880
-81109 -49272
-53298 -1531
-79768 48826
-58387 68331
19844 -45860
35193 11468
-88294 -799
65102 -79418
-61231 -27250
113782 98757
-69529 -36852
79640 -42628
100655 -82435
13246 -47191
-89823 31129
16020 -84090
-58350 62408
-123751 62831
112937 80501
55187 112990
84629 -15058
29506 47619
-105864 -97074
-11822 -114845
81050 -1502
