58
90268 35063
77192 -29164
17931 -98172
53460 -74034
-68243 -49762
-66928 107217
44332 92313
32885 91793
86392 25229
-10292 101112
50467 -85915
-29516 10436
52206 -33901
-91336 16975
-78227 64917
82641 -98760
37514 -836
-92868 -86243
-105934 18814
-91752 -51153
-96920 79514
-80117 34854
-36094 -94824
-64674 72986
-74488 56793
-14358 92627
30352 -38581
-55051 105056
-70776 -56954
-44157 -74398
-10660 43080
-84489 52555
39449 -36540
44988 89629
-75494 -59260
-11964 -83983
5690 -46730
8057 84125
40066 1424
66204 81994
50912 -9651
11873 45872
45253 -11295
1574 -25478
102358 20986
62511 85388
-59915 41521
36265 -105736
-56010 -81826
87073 -101229
4421 -10485
-66689 60367
-102998 -52397
-5626 -45657
-62308 67747
5101 -83942
4447 -24162
104537 -101904
