82
-623 73794
-10117 -50055
-73828 -108579
-56135 100045
76290 38738
-42167 -29425
52901 43212
43891 -61206
-34997 79917
113485 5619
-105471 -85658
-80694 40953
-100709 -21848
-84701 82784
-7800 108335
12244 -7001
5170 -8252
-11914 46576
-17925 91369
89343 2204
42500 11867
-114014 8419
-40995 -33971
21879 31850
52998 -39510
118482 24536
55111 26793
103378 -121049
101459 -59674
-39952 112288
5175 -94348
-21129 116945
-10499 -75824
79662 5278
-69859 109936
-94264 -73012
-25487 93274
91304 -76285
-41302 -68281
120164 -98685
-122633 24482
-50528 -66818
62432 -85246
5195 -60132
-78053 123590
-63511 -5874
55301 -14805
-119579 63909
44940 91522
56955 -105955
119981 40800
-91200 -28792
16609 57886
44440 -13558
-96264 -101085
100064 105887
-103306 -43590
11858 -15648
55591 -96567
95319 -47975
79475 -95148
-59736 -120871
-99686 24016
86623 -36449
35601 -26203
-40937 112697
-107285 -23659
1200 -37142
65849 -30830
4299 22844
-78156 -46261
120352 2528
48680 55497
11889 81711
-8803 -73472
-45890 17695
-104215 17103
38685 -23629
44452 -20812
39901 3092
-19189 15869
-51268 -122418
