97
-93737 23575
-94756 60545
-99913 14178
-123348 69761
-40330 10021
-2761 -22860
865 98603
-38916 -72547
87094 -25601
-51520 -85734
-11925 58449
-131417 -120614
9605 -59182
-11563 55118
135540 -59316
-7933 82460
70927 -121758
-132835 -71299
102031 83394
122064 -12061
-76162 -122568
91233 12817
61432 13767
96134 -84357
-18830 130487
129386 -104040
38028 49710
-24997 -4176
-84483 111116
14043 -77343
38810 -38288
-79274 -62657
-117764 -129733
52407 30032
60105 -92231
-28538 30660
23588 -42767
135417 -63388
-40825 51085
32288 -120256
-63830 92871
-45142 -127107
73215 -113155
-87177 75734
-138305 68761
-115071 128114
18345 34813
10987 134875
33790 -43616
67357 26148
-96197 59626
109888 113522
-22519 -79987
57836 -84662
-119174 58771
-76281 -66142
42882 -96492
53273 -109513
-2421 -7706
23064 -13640
-101861 43120
-100721 -291
15555 -106935
-69891 -47954
-6003 38928
-105862 -94680
66428 67193
-102395 -12610
-38265 2828
-83936 -138526
-102763 -113969
117098 38131
77080 29108
-117646 16335
-135307 -60115
82413 27413
95360 97351
-116358 -8265
99418 1038
-41428 117356
73753 -46115
35656 111519
-106871 -88557
28174 81566
-2000 36413
-131328 36651
-97829 70041
11350 49885
-9223 17580
130139 127750
-48126 58784
-77227 58541
-49049 49916
-101379 -81751
-66972 132621
-81111 58345
51280 14541
