57
2026 -50610
106716 -97334
43324 -17423
-2197 32874
-7405 -34261
-69152 93806
-47386 -53975
-41421 -34641
52836 82112
100129 95965
-17025 -32164
84135 70242
70364 -8479
74442 -951
8168 -88134
-68485 40469
76932 9476
-29359 64025
105079 -93872
-68292 -52206
-103641 -82519
83343 -60632
105838 47117
54093 51670
80685 -70105
-16290 -64569
94669 56050
20486 28925
31952 -30559
73215 61800
-24976 74275
13346 26731
-99123 9586
-68983 -44262
49332 -6786
27737 -103426
-1012 -96917
23613 -53645
-10846 -41026
28168 55547
-57397 8332
-35872 -86223
-94763 -2750
13496 93184
-105774 -82469
89169 -94821
-70858 7021
64582 -60606
67532 29775
68726 -10811
-91614 69744
46038 -48135
53022 8368
-62586 -28300
76531 9410
14759 -4298
12000 87073
