83
72704 110407
106999 14746
100568 48864
110653 -47338
-97124 101578
45839 89163
-16289 50654
13969 -25442
-66031 63460
94763 102289
116477 -13314
581 -20683
-100359 127744
-124064 23609
18546 115470
8283 -73775
-111426 -78195
-5081 -20292
-106922 -29486
-66789 -107635
-92787 -106494
11224 -41486
-88455 65329
94742 34376
35378 -93312
17856 18584
30773 92810
24804 -68307
93347 88984
-94934 -91001
42641 79790
-51786 -121618
114421 -126931
-11778 25402
-41909 92901
28805 -47049
-34050 -126659
128164 -58023
86294 -68014
29365 -68272
44346 -24152
-108681 -77112
25424 -115968
-25672 -94069
54080 -60614
23111 -49543
21039 -46041
96913 75916
-73757 20721
-82829 -4323
-7468 -115473
73110 33029
128460 69172
115592 8135
-21450 -83810
20786 -62897
54375 81571
40357 41186
62865 57215
63712 -58480
-79432 -116179
-71977 14130
-28780 81394
-126556 -1546
73714 -97009
114403 25573
-79130 -6044
38098 -44831
7348 12404
124845 120985
86201 77499
6429 -8255
-62993 -127070
92048 73397
-73483 41285
-27254 -114376
-126886 -119963
-102914 -73618
51943 -94097
61356 -91218
56339 -16914
36456 -40154
98094 -22195
