41
-60835 -1088
-79345 -56886
-65240 3831
11506 61812
24553 -81157
-60974 32610
-54090 25511
-81491 89796
-76912 -1520
-81853 23476
-86309 58467
-26862 33874
-25411 -65153
46455 -73530
-82019 -78098
-41335 -77134
72834 -67337
62215 -52864
28738 -66790
-86460 54072
-66096 -28910
-14041 21871
16549 26828
-80923 -51834
23442 70716
-88086 61517
37148 81635
65314 52382
56242 -36676
47551 52692
-55077 40308
-43974 -73884
-39756 68251
15008 -71068
60562 -3594
-58937 -73680
24073 28400
-34181 -38909
-24449 53742
52052 640
11642 -86812
