66
-37940 70698
-107241 -70713
-98068 -38913
-10924 83483
71242 -85611
32679 63339
-110442 108513
113215 -59163
-105606 -11374
103632 66760
-61417 1582
-71841 -14434
-67722 89966
57706 -111389
-80624 104574
-25704 -31715
67465 45493
32093 -76998
-20805 -18301
-37115 85324
-53081 -112949
-52251 -67553
-10157 95718
-54932 70089
103074 -5451
111898 -42270
-21938 -18427
19404 -39675
97379 -94211
24360 97903
-18216 46830
-76620 96608
-33303 80223
98379 18372
-87644 -104137
63694 -70073
42408 -29296
92190 -60681
-77311 65524
-17654 -33031
-90830 -45322
55787 -75018
111594 -87576
37395 -63953
6359 -24100
-70383 77776
69532 11855
-95829 102193
-108066 70619
18119 -53651
52199 -73106
-60991 -8844
-90251 69167
-56119 -106326
-100490 80614
45727 -23238
55619 -23289
-97786 -34011
-106044 64610
-3315 -48492
-107159 112450
81955 86999
47698 71409
4121 -59900
40931 64583
82019 21306
