49
-79394 -19231
72577 84825
-80883 -14813
33961 -3445
-17833 16716
20332 -4922
-47025 -38126
-15444 60096
79013 -37913
88321 -44312
82050 34204
82921 73974
-58661 18115
41541 5451
65974 8782
-36945 -46249
61810 66980
64581 -8136
-34764 -10633
-56185 37072
-43637 90827
18219 84925
-83792 15808
37888 64404
60515 71221
-92741 -46016
-36963 7970
-47839 -82584
45843 -65406
-13243 -3208
39090 26465
75331 2772
-27327 -16060
-46373 -97209
49558 -88304
42401 -95922
-12214 34107
78079 -84395
-40140 -22119
63898 -73113
-59334 -49257
90879 6532
-81823 -77062
-26311 51307
-41049 -61992
51611 -27515
-7433 18179
-70486 -2854
25495 65603
