66
-47160 -87308
18841 21735
-71956 9611
-74771 -49378
-37663 44472
-76306 -73752
93223 -90289
-113301 -28107
-99690 -61637
43156 91694
96002 77442
85823 7253
-69425 -111020
87753 -101714
83130 85338
-17449 -16853
88213 -81905
-57822 -79454
82054 -17130
80236 41016
-111851 68995
69429 103142
-79070 -98951
37948 -88427
113274 -13369
-9732 -85930
-114060 52276
-111120 -45175
19212 54900
37150 -84273
52513 44309
-72106 65576
16902 -26246
-99599 11119
-100064 80670
98186 7677
51475 -17187
81856 94650
8814 -9783
26789 3251
-36578 81309
-64560 3115
-77634 27141
82056 11104
100215 -72953
93730 77303
-36150 50227
2557 49169
623 -65132
28923 -46985
-41277 113128
-73449 -39127
-17388 25562
-73765 -75243
-8247 -32372
110107 -36526
39968 -28565
-71119 38082
-43221 -69908
-12271 103510
28445 108325
8742 113910
-31259 75271
21315 66091
-24865 81983
-15482 76375
