91
131241 -98973
123604 -66975
-124763 -94292
-76156 -80213
13681 87340
42649 -104675
-2874 36009
-25828 1935
-86034 -4912
-6288 49894
74818 -76097
-121317 104000
-4556 72137
-98893 45067
88358 20561
-104145 95842
-98753 16523
-77649 -110681
43150 129251
-20160 -65385
76745 -17154
31807 113754
-132802 -7229
-81060 128332
-72886 -24025
-124996 19729
109738 63513
92014 -86945
64489 54411
-58561 -121753
-34666 37588
78660 -64926
-125605 46909
-84257 -55565
46201 -83047
118778 78900
80113 76481
105659 11734
-55126 -58065
-124149 -79912
-59531 5475
47908 94527
40345 -16741
-129 -66858
-93131 -123479
76665 -116083
66909 -27101
31411 -40355
76782 -10679
125625 98215
52100 -1090
88158 -85410
102596 -111181
67919 100726
-118409 -122254
-12459 -37002
-134573 -50445
-58868 16956
-13597 -73242
-8528 81163
-51567 -86374
103156 -67204
118076 102013
12878 33830
102026 70729
90340 -116761
-68135 -32079
-91731 -41988
9434 115020
-56234 9759
-60095 110349
55941 -4823
114763 -101029
-116348 133335
132856 131543
-52487 96307
73103 24541
66551 -71721
1615 -100751
-33064 83436
-84572 -108045
57448 130489
-45850 -109641
-104624 48739
-101282 60141
-82424 123399
9899 -31877
-43147 -109626
99335 -111531
-131868 78854
-87248 -88693
