78
61151 -16051
44427 89196
123545 -43635
17041 -119303
86465 -19549
97379 -105128
-19234 112979
-79795 120530
-65978 -93027
38373 -114193
-32728 39154
-53552 -13709
100075 -1431
16391 63457
-108385 -2862
61822 -45739
-36921 -14962
88831 -40580
19071 -8868
113565 5635
32329 110178
38217 24074
-101216 96679
-19923 -13866
95189 83753
3737 8475
23909 40409
-91803 -43240
93028 104218
55419 22639
-121344 -103137
-5552 117137
34012 110955
101067 36971
-68823 112683
38644 52134
-108319 27290
-11877 112987
28190 -79579
39420 97821
85859 69504
-12758 119666
35837 -23855
-59831 -89008
93413 82501
-69806 78331
95655 55854
112497 76948
-38289 101000
21321 44297
-121818 -58647
-69319 -18785
62234 -91228
-60450 53201
-8349 -45545
-20356 52738
40305 31255
118721 -62122
22775 -97876
-20262 13941
-13201 -64736
48850 -1849
-78648 16553
-37914 75451
46049 33000
-96305 124730
62981 113144
-84099 92255
121393 37706
49907 29536
23972 83957
5098 53528
94468 -41412
-21460 -59348
17743 4363
-99408 -6804
-121176 -100166
-6163 88191
