76
-73893 -41869
-90015 -78978
59450 3725
-5917 74943
-84751 46594
-105462 -10474
5782 12508
-57431 -118386
44242 -78637
44402 26195
-85785 -63765
112188 4933
-62711 -87327
75785 -56561
-100078 -112822
-90266 42570
-52365 -38840
6013 -57169
-48356 106967
56951 -105264
50530 -14687
75214 -49373
70885 -67373
97600 29728
57786 -76254
-61648 -57728
50363 -78354
-83746 -43015
-92824 -23127
-107296 -6512
-92607 19566
108940 -119211
107078 25602
82337 -53797
82530 77560
-94202 -83931
-108876 102836
46252 -90019
37444 95798
-81568 -51795
60782 88058
-111054 17593
120399 -105023
68792 10058
114078 117663
-5240 -64634
21094 60495
-30865 38653
-82371 -85939
74104 -20460
-95132 -50454
-12596 86742
-106760 -42928
-14925 122721
19710 -43924
117260 -82766
-36705 -90236
-83085 60317
-62242 75639
-36175 70795
-48874 -12042
-20129 114395
10776 -95020
-34637 74204
7311 119412
3826 -100234
-21918 -99435
-39008 6680
-119331 -92215
112073 -4017
4038 68053
9678 105609
-98569 -34703
26460 37875
26101 -90043
-64829 -37425
