83
117167 50958
11899 -18780
-97183 -14199
-68508 -3352
-103606 -91996
49427 118877
64390 20630
-10162 35036
-95128 -7459
-609 -35309
-3313 -27507
8055 -83144
-60842 9720
-54985 103492
13273 54915
-12334 53443
79845 -88014
24761 55955
94206 77198
127187 34065
28242 89667
-39199 101668
-36570 -25553
10675 -60675
-4531 -3681
-103250 104050
77008 120247
45016 -22757
-53943 -42748
96846 -85396
-15724 -104970
60048 29057
42513 -15612
-14795 111791
53495 -42206
21932 121455
74988 -87900
78285 72027
-60718 115754
-24260 -26819
17426 -72874
6074 66465
4613 -91562
-41112 41939
3014 64547
122857 44360
-12038 17854
6632 71287
29260 -55460
-65511 1749
61005 126240
-7450 91034
28258 -78032
-103524 17871
-87625 9781
95188 -115388
-60108 -26687
108905 -104839
-77640 95050
6202 -73329
61368 13727
-7824 66927
-92690 -113264
-74126 -112923
27451 -93984
-31139 20343
69657 59411
-38071 103976
-14521 52624
58227 80435
-106676 -109606
-94243 50344
57977 -86395
-55769 84878
-34827 52553
-102697 -105255
48872 -26948
-52514 -37173
58304 51024
-36128 -86008
25210 -96673
23686 -17016
-107234 71925
