40
-43130 -32566
30877 -55903
-73994 86012
82963 -73085
-43469 -19289
-54000 -33505
46839 54475
3774 -40223
69374 -8724
27125 85097
-42168 -12743
-29835 64965
-26095 -23913
30310 11390
-87147 74530
59934 -39236
-79069 86731
87988 84395
-51389 -1382
18218 74939
-46750 62768
13216 -8684
-29500 -74130
-74191 -36162
-32113 -26700
-31633 31779
-11429 85986
-38126 41525
-244 -45105
50083 -17689
76300 11131
-53828 4941
-9267 12471
-79381 -57783
87835 2334
66282 -26573
-32028 -11296
72155 86269
19223 -62597
-19070 44527
