81
82072 30277
-80405 -19852
63952 121884
-14637 -98605
114060 43680
-73106 -35580
-38348 24685
-100240 114103
-102113 19005
-24730 125390
-32988 630
-32671 23972
26010 75668
-38032 45046
-45353 -113220
63493 76770
87163 88134
28386 28781
37536 -98605
-59622 64263
57849 -26153
-27155 49724
71821 29418
126555 89387
-46665 59315
-96871 -116476
-89893 124986
-115310 -39154
-44745 97530
113115 53456
6120 -32749
-105293 -47468
-10314 -16559
75395 101308
-116457 109072
-103923 -88935
62013 -114895
-10746 -55405
96396 85239
-112750 77234
-94496 62070
121113 -36149
116957 -33575
-123950 64793
85596 -54713
83754 78848
20135 74452
-18178 -126207
-75145 -47927
-87422 -35000
5837 10863
72410 -8671
68391 -65183
2207 -46462
-106916 -50563
26805 -791
83435 -112613
-3510 -121204
74244 102050
41420 -104772
110258 123894
-75994 32511
15931 71311
-74153 2922
-67830 15782
72713 -75307
-48891 -98161
-75336 36677
61257 -64371
-71666 -13226
-35881 -68394
70892 114491
10794 26769
-66248 41243
8513 98172
118476 -8631
52187 44415
-92658 72231
89048 7508
-115351 101893
-48832 -74598
