97
110207 58109
6933 -95626
-121996 9229
27607 32307
78374 -64787
-46177 -82894
-24025 -29697
61870 -117098
25655 -102124
56913 133571
-63709 129620
14905 -6090
56793 124314
-26982 -44005
-37473 -102212
-82393 64984
-19985 -32941
78812 -46260
25344 106493
22681 -39718
-74695 21326
51176 -132292
41272 2002
89686 128293
-47106 -101079
85263 -136333
-4885 -127991
-38789 -105535
-77546 79064
94094 -62983
-28496 -123491
-93527 -94023
-92874 120161
-52614 -56234
15516 19131
132131 -29117
-15248 77197
6511 -28098
-4871 -32001
38811 -134671
-64933 -138835
100433 90377
104332 -131613
-54774 -133725
-26407 26233
-128144 8234
92676 36561
94361 115791
-1045 -39215
-83625 58061
70074 16717
137847 26092
58316 -48849
-106660 -79666
-52397 119974
-83759 -58054
-95111 103085
129097 67572
-90187 41762
-2334 87168
101291 24472
-113827 53566
-98392 47149
22244 96123
35065 -133267
74789 -122136
-30491 -40733
80885 -138276
57291 100949
82008 -47321
111741 91092
-17376 -34703
-73131 -14481
16923 30834
67268 90953
56398 -31319
85091 -75792
91718 -119447
59850 -109543
132751 -18282
34005 -33955
-46024 91914
40593 -4042
52304 36235
38753 -35593
-53414 -40623
-136443 120842
89701 109755
-6457 -77595
77548 -109539
81106 93989
-56271 76889
53210 88429
-48309 91625
-42293 -111149
-688 78312
-1716 126264
