53
-62742 -54179
-49439 -93063
-90668 20173
16736 77816
93740 62365
-11706 -29587
-8609 54363
102918 61351
-76936 -75274
9894 42240
89416 -22724
16025 26129
-81254 -3791
-75869 -61864
54203 -30329
-74350 -88665
-83353 94978
70691 -91931
4425 73857
-3774 89878
101685 -17232
14964 71996
74151 40205
67438 -12869
-74784 -37312
20322 -40193
-65160 -83173
57289 -8409
77647 -50634
67485 -24535
52989 93674
-84160 -6327
12363 46923
-79030 -55477
17529 78925
-64149 71277
81809 -56077
45286 -45623
-31447 11233
-63896 -34053
63972 -22976
-60164 53241
15671 87187
-79642 67494
-16303 46100
-88854 27472
15882 39136
-74188 1202
-59614 101153
-52525 37359
-44248 -75819
43639 -64402
50249 101518
