91
-117680 -97766
21050 -90232
-99500 -117402
-46893 125767
-116237 39027
-37716 -35639
85426 4395
-110457 -66868
11167 -46290
-119521 41832
-89111 5492
32517 9936
19659 98177
60388 -128798
93222 19168
-31608 49958
-22469 -64525
102909 -13791
116961 -76977
-86129 36084
92056 107200
-100504 44767
-51409 -124058
3334 -114763
29001 124071
42535 -52775
84054 -118534
-108232 -64734
-357 7566
88250 83281
-33916 14109
-55234 -39120
19763 90996
-58545 -92027
53189 31718
61888 110437
54004 -44452
82034 36157
75758 -65181
91971 22320
18467 77198
63318 -107300
-126671 85653
72534 77417
-120556 -95068
-120409 27941
-100213 -115028
-66122 46479
-132309 123125
-82174 61108
86169 133648
-118425 -30665
-30989 61150
-81629 -70348
61828 24944
115537 27723
-131424 133887
26254 12800
-28312 105428
29580 14067
21470 34379
124424 100443
-33068 94730
121623 6400
-108813 -37317
28289 -15916
-108057 -110336
-81278 109714
133764 127709
-26118 90540
134326 108718
43810 75226
-61931 -127295
12396 -124018
-6202 18366
-7275 -43510
1524 53557
113042 62385
13846 37964
-57040 -65171
-833 53687
123624 59958
32977 -105014
-923 114799
-76428 -95811
-60283 -72869
67120 -33181
-89107 -133816
68746 113961
33116 -126062
97012 69231
