39
-18638 8277
-37113 21027
30979 -20332
42975 -81207
-84921 64268
44323 54422
9779 34269
84026 -35699
-3601 -4266
-44138 -18595
55038 -65219
49669 -21603
-36121 -41533
-22542 -31047
17265 37736
-6113 -79780
-63313 -79632
-11172 -77571
-47677 -49577
5492 3240
12485 -61891
-3356 10253
-37566 -31022
-7354 -37621
35519 70878
28931 -4514
39819 44920
11888 63574
-7408 -24603
-75282 -82088
69682 -48895
13658 -4849
79789 -74719
-41065 -25418
-54774 58604
-30022 85481
-59731 -83917
87402 35783
-30945 -12166
