81
85539 -84192
109028 16120
106129 -89064
-7349 -106945
-82471 53794
91432 41438
20645 -97627
-55492 -127117
11074 60118
-68097 45287
-57280 -72147
109473 95189
110927 -27978
76947 -97536
89029 12846
-70019 -93666
-10005 -16249
25180 -92546
43535 -2048
-33599 83614
3596 123514
114320 -60890
-118389 70120
-67038 107696
-17400 -46354
69064 -38305
-25919 -110510
-56431 -106365
-65447 16115
-104521 -87421
113124 13433
-66775 -70559
19081 88878
-69026 -111418
24810 -95373
42759 17862
17210 -81941
-123283 -10469
-85317 -79648
35877 72741
-117697 78956
123016 -6709
46010 24027
-31929 86747
-71258 -26040
-27311 18808
-27436 -95663
-14369 -391
77883 -42209
-2865 2056
20529 97759
-19131 -70806
-97054 124296
-10088 28723
-104248 -116737
-35689 -71525
8636 -132
85121 16832
21655 -93533
38914 73483
-17585 77096
118843 -126321
-58291 -4449
21831 38726
86956 -27151
-24163 -33228
57029 42021
-121408 -2186
50100 104276
-27666 12676
-117198 94028
56729 -115776
97938 125333
-115476 -101721
-73320 78769
-2106 23372
90658 30061
-82467 -9982
-119099 -106195
72032 -76337
94435 -43939
