42
67389 79676
-58389 9929
-43426 -73117
18008 489
81408 -71313
-70227 51226
31576 -32383
29909 18240
52173 18692
-14613 43842
-4475 -55019
5889 24738
-86656 35446
34310 84696
86399 56702
48376 -57098
-73231 46274
-89166 90655
49924 5876
-13862 11167
-59542 -34330
-60407 -5637
-67116 -43357
-35369 -43739
52150 9509
23545 88467
45907 25840
61185 32255
66883 -28919
-30294 30545
12285 24051
5325 -73528
-64804 26836
73108 -62023
20676 -4790
-83073 90441
9011 -30119
44396 6843
4522 -52324
-6247 -31258
-13305 22180
751 -34893
