41
-48600 -85109
10999 58723
87518 -33716
-22125 61207
51667 -12267
71059 22698
84613 -32955
75809 -52115
13059 -1971
-63352 86433
19472 -11482
-25620 26018
7084 -48518
7463 -83119
-26605 42122
-67755 -2148
66835 -16449
-79103 -85422
-82789 19167
68363 68609
77399 -66153
7474 -9891
4893 8087
47179 -89048
80904 -75676
8329 54311
85098 -22016
70537 40718
-70304 -65314
16625 -33651
36817 41514
30986 -80939
38756 -23608
-69958 10021
81192 -62579
23265 -40526
65432 -12259
-62141 6728
31806 16795
16385 -22550
22076 2406
