50
88079 -11854
60372 43004
-28174 56556
64907 4940
54820 -12275
97121 56036
27140 44549
-42345 63516
-95453 -59450
20981 86680
22678 -12282
1029 -79912
15544 62008
12588 96567
-84282 -52526
-43284 -59173
-78661 -34106
20989 33683
41994 42310
94598 -55330
25674 64866
-51709 63075
30621 13488
-8289 -71275
74801 72339
-74315 -36793
21799 -26867
-18927 -17153
-70304 -11078
-69877 -21032
-19465 29371
-1447 75720
85481 -55228
90020 78604
14629 92201
38276 74091
-92760 -63760
-88549 -98908
19853 30292
49478 31986
75602 26784
65970 -97073
-33779 51654
-81404 -80874
106 94181
-25088 89044
-39865 -26323
-24433 -23346
21211 63063
-76312 56518
