82
54479 114757
73146 91398
-115621 7919
17977 44281
-125896 -462
28208 108580
-100526 117332
87281 52189
-22591 -125398
102733 82010
101899 47929
77607 -90389
-20521 28916
113165 851
-3055 11579
91620 -73703
17446 -46379
91346 72343
117311 -8406
113607 -36611
84474 -36071
30801 110088
-85264 93155
126674 92898
41918 -115804
-116803 39165
-44418 -117344
107097 30342
42773 53415
118453 -106766
-64218 83382
20827 100602
87470 -20650
107250 55500
79267 -36358
85463 126317
67266 -85722
-79358 72150
-11640 104038
-17329 94111
118231 105790
26977 -322
-805 714
-78970 -122003
63031 -70034
-11645 -58721
-52978 -66228
-7181 3469
-62103 -16818
30985 48217
117816 4845
-63376 5047
-45620 33763
-13357 -124879
-34205 37439
-41970 51085
2193 -127723
80672 85577
69315 -66801
-107037 33132
-127274 -59399
-71439 -13011
123878 -43031
-100431 -26950
74580 28146
60160 6472
78847 -115488
102786 -40554
-124648 86123
-121436 -48033
47880 1698
-61776 85431
111215 104292
-43456 -33994
-44328 32058
93933 90397
-39238 -59626
20107 10694
55664 6469
-123284 39033
-76157 -116377
37464 -7817
