85
94070 -108559
-75806 -126232
23113 51502
32675 77416
16651 55840
-61652 92096
-108623 -108903
42326 -122180
-49417 80363
-8322 -45583
125483 51343
128166 72178
-73008 24253
56413 4938
24880 74017
71426 86378
14122 72163
75111 113276
-34481 54324
-5972 -66760
-11901 -56935
112350 47312
-111953 61977
-21857 -82500
63015 -85452
-55129 -18850
-84765 -90000
-41514 -91526
62877 25157
-88643 -50154
103114 -85567
-24823 101657
-41182 3267
77702 6121
141 -33843
66366 -83836
11732 -76794
-127005 -33802
-94012 -48196
-38485 -33053
50061 -113348
9488 14526
-68225 -88794
52124 -75570
126152 72682
-12371 101292
66400 40890
-14512 -44599
-50474 126098
80451 -42042
40626 110304
-48315 58852
-52042 -126165
114906 116221
-75007 126412
-7664 116216
30796 -92149
66923 -11689
120091 -57045
-89813 -38462
-5385 116156
52248 48834
-44817 73211
-74642 -99468
36288 15308
104476 100813
117824 -100848
128411 -127076
-65891 46014
-129959 5132
-43004 44876
-119737 74114
104901 27067
-79493 -83636
-51183 35114
-49339 -13588
107446 -66342
117650 98889
-28167 30970
-21753 85577
39725 -106541
7882 -26879
-93486 6823
11508 105965
108994 -82163
