58
73817 -69936
-24663 46835
-65279 56415
4829 80211
60219 28222
-11578 -32217
54894 42855
14523 -78166
40070 -94734
35429 86138
33110 41697
-91554 4100
-28588 21165
86688 39237
-37431 -6008
-41992 -75362
-25842 -5567
-16967 29061
38570 -32334
104227 5698
-36549 -91049
-23412 -11240
-53381 91907
-78719 -57089
-24410 -78092
-57672 40005
-84094 -31761
-34816 -93598
86018 -40790
-92965 -24776
-81250 4909
22743 58943
45634 -83547
-87629 102757
9016 -15287
907 28299
74442 -62845
-29303 -61834
74021 -60177
-64886 -2740
-30143 -3644
-56729 -20257
-36087 25283
-52059 -50700
-26764 -50328
12182 -56897
77046 36453
-96869 45073
56913 23897
-45044 6567
-43837 82491
18091 16731
58367 53435
30197 -57793
33221 105961
-87232 12130
-28094 62460
-70 -80992
