96
22022 -126265
-59423 37166
3600 -105980
-62766 -54708
-45844 -21891
62763 87025
-109963 -48389
100070 116346
8288 -125770
109113 88118
-84455 58168
-45489 -73881
-125641 -1258
-123175 -127875
-138159 34790
58983 20915
-35046 39735
68949 124603
98115 76474
125184 26399
136528 33122
-100892 88224
46680 67492
-107177 40492
-112512 87442
8131 99596
106026 41736
96086 34284
-104479 -43582
83453 -68034
-107280 50056
122024 -131942
-123114 -4512
-110695 25440
-136853 89457
-92717 78782
36228 9007
37790 27435
-60565 101605
117970 8077
32604 -47120
63966 65067
-109329 -50312
61631 78676
47582 -34065
-59251 -43186
26809 -67061
-37402 126845
-127336 -21514
101268 -28305
-34854 -129255
-137386 -121591
93847 31196
58809 -136003
-24043 10581
122748 55533
-22308 -99482
87173 -125334
-106395 -968
2171 88377
-58802 122465
-110764 76415
66021 48971
-7038 -17818
34928 69688
-114345 22123
75537 -65602
18874 -62263
122035 -129739
-16108 -88472
13192 87104
131536 117951
-39864 11890
-61055 -112713
-122213 37947
84951 -43050
-87891 16239
-38615 54502
24572 111562
119900 38728
-975 56659
30057 -17446
119577 59998
-121133 11159
102756 -10285
37961 16498
101673 -21979
-112776 5851
-12208 62988
-49153 -4228
-135927 -115320
-118796 -33341
-121608 67281
29196 9102
-27535 -54376
-83553 76487
