63
99887 40092
-77392 90693
9565 -110839
-69064 -7322
55698 -24922
104302 6586
64293 7633
32708 -28304
-78740 57046
-85894 103657
-33675 -12500
-28683 -4730
-105959 108421
-96914 70188
-32143 41499
-1087 -102853
-92872 -102320
25041 35014
109742 26125
-16337 518
-51554 13710
-89715 74563
-27540 2687
-14111 95034
-6962 6722
-37361 -51752
-4107 -8840
-51459 51468
-39139 -56012
-37859 31351
38211 -96075
-59987 65440
34347 -11901
-66977 96840
25373 104334
-43223 81374
-3702 -81523
-4058 42573
-56253 -1445
-44375 107506
-91632 87110
92288 -44641
-63123 -69395
-82196 -108856
92880 28747
-57654 103075
54030 -70562
28222 -55143
-55473 -44683
52805 75511
55251 -33502
84501 77870
110914 30415
-102331 69506
-18004 11913
-76332 43093
-64802 110903
27975 25264
2813 -27949
-15 -108901
-108846 -36059
-60368 -95869
50338 -108778
