62
46685 66211
-39060 -70495
48729 3902
33320 73266
-84166 -85600
-39752 99178
-10996 10803
-29827 -48135
-17656 55596
20291 93085
97861 -27832
-106702 -91399
-61846 68650
85589 -104520
96054 -15008
100923 -54104
-107441 -28114
-49959 -64017
67373 -13124
-45328 -84148
-17224 -9419
-61775 -99124
-55268 -9043
-79623 61239
-66080 83849
100621 -16145
36160 35632
-85556 -79886
-109234 -49225
31399 34651
568 71324
-90903 -14272
15751 56661
-87205 8459
-70798 -26180
82136 -91405
49550 -11165
105698 5124
-65043 -109866
-25716 65709
62043 -645
-45129 76908
-30396 71106
-22646 -52717
-107301 -99318
99333 -27717
-17584 -103055
38254 56336
-8478 27288
-91069 -79695
-15938 -103095
82256 32205
106757 -38654
-18295 76560
-66703 -97122
48529 -35923
-67441 33903
-100938 97397
107802 85769
-11014 110989
-53491 -93796
41671 56536
