83
43954 -101528
38148 -101288
118187 -6521
-103624 -67328
18607 -54509
88434 -39527
-103475 54226
-4886 61452
-90890 1081
1355 19178
36831 -121315
-107316 -27405
43595 -34962
-127930 -19873
109842 -62215
-79400 -49759
-76018 -61852
95758 -24776
29354 -75694
-126734 12513
80361 96116
8033 96668
-79889 19023
71968 108598
-25091 -42207
-112441 111106
-45924 61218
-61684 27128
82403 41288
-82619 -8417
-43050 104319
68173 -8091
109314 -74477
67785 116152
71103 -51210
74488 -2235
106659 -119657
80961 57913
125513 109879
79104 -95813
-19474 -73167
43183 116671
11386 -120607
42402 -49967
8904 2682
-97877 61135
122852 -26380
70723 -14749
-36637 108842
107179 -1491
-18860 -96667
-42026 -90343
-98488 19637
38077 55394
-109191 83607
35583 -63448
-117312 92104
-103276 -56690
-100282 -22578
43058 26901
-30846 -122639
103901 -51198
19778 122057
-27773 -22078
-54937 124427
-18849 60119
-27169 103663
-1292 41202
-122396 -94739
75942 82844
-104324 108990
-77694 87675
-6289 21639
-30108 68585
10637 7644
127145 99402
10240 54432
42777 71222
18877 -19224
110540 24189
-4968 125671
25958 77679
123098 50763
