93
107523 53054
65592 3457
55037 38060
-70852 44489
117781 -93168
-127427 -123049
-106077 -105157
-56415 113901
74747 82894
-82681 -89012
-25527 13762
-102826 -66692
6814 -59061
70190 -129822
-104175 -52354
121656 45337
-27364 -32978
46665 112123
83384 -96478
88469 113318
-92252 -119364
38339 -134181
-37204 26245
-76509 -61683
43157 -123096
112982 -70648
-110766 127389
11037 94332
-97194 118935
-113943 -62524
108766 82676
97461 -132698
66236 -73089
-114864 6403
33715 -41771
29302 -36148
-28277 77583
25279 59776
-92501 107360
97288 -58842
123426 -47867
74461 43971
87405 -6702
119932 2324
-110858 -61944
-1733 98531
-70769 -25547
-12958 124101
-21498 -8211
122809 -50100
42265 127372
104030 35921
-31274 -60743
111307 -46528
74548 -41841
95525 121053
85482 108260
-73715 9177
-85164 108549
-88177 111022
-15533 3672
42248 -21697
19400 -29867
-69349 -62602
-61935 16697
133299 -74223
92381 70682
-118985 101934
34251 -38390
132321 -130997
42185 49909
-22021 120208
-5 -121135
77751 113018
17153 -63122
53721 -116210
48982 119093
63137 -52721
48893 -60340
-63207 -5942
75073 -48220
85004 127663
-118628 17730
83571 -75853
120282 -73375
108967 -120063
-89490 62063
118846 -11956
14230 24724
27916 -98728
-40343 52049
73495 -21692
90022 -82801
