85
92018 -85169
20621 -85164
-60959 -87558
42227 36313
44908 80951
32805 -120344
108593 9934
104609 -112601
-110107 -51753
28894 57877
40536 46313
-55041 34863
-21397 43953
-56230 -77740
-44069 -642
-25921 -95873
-80014 38422
36416 -73326
97698 -91373
121590 -102486
-35582 35048
-116877 51743
15006 -74564
-49636 -33278
73336 -56453
-48357 -103614
-126677 129291
-51157 -489
-99815 -13837
80691 21751
54690 67425
68385 -12934
2047 -121608
70856 29902
38287 -84443
-51675 49421
120416 56656
103836 -45583
61384 -27757
-35167 11419
60523 -93824
-18985 -104565
111001 -101195
-17843 -49749
-87800 12245
9133 112067
-97117 65772
-81738 106996
78399 82049
-7396 -55328
-11633 -47802
84839 -8598
-55878 -32171
103667 123621
-35071 -21522
-81007 106136
-81890 -55910
91830 -97614
-49459 111562
11488 116652
26186 -95361
78310 -48966
-120685 -49852
-122914 85901
-14461 -46208
75778 -7572
-33932 -5205
36823 -112334
24181 66811
-125569 -104446
-32388 91351
-70553 -36405
92356 -88119
-56948 90644
-92122 -65894
9185 -129489
-57485 -47641
103305 -113334
101094 59761
125375 56973
-17064 -75817
47745 40261
-116400 39263
57876 66818
-66978 -45819
