42
79410 -82942
87223 -79080
-44963 -67075
-12232 -38402
-77474 -52020
4569 -18168
7232 8236
85194 -86308
24862 -20558
36271 9053
-85972 82578
53689 -51098
-30681 13720
43952 -45164
-60343 28095
-38398 54737
2924 -61246
4637 -7551
40783 7396
57169 -57124
53617 -20088
73339 -68704
61928 69949
42143 60643
-72242 -42643
88915 -12273
-87167 -21508
15365 88517
-74916 -3099
-71766 -73993
-6173 -19419
-1230 6310
42602 90464
44536 -35779
-28046 15768
-12307 -58849
67034 -45586
62661 -81587
53600 -18417
-88791 40569
-22639 21318
28704 72604
