52
-67817 -41859
-41544 95419
-18147 60934
98193 38506
44484 62903
-56504 -3441
27301 -1445
67127 -32084
27390 19277
-25655 62802
62997 -47187
27071 77541
491 18718
100855 -69232
-37485 -51315
-5251 63776
-18354 39535
-41908 23897
37803 -18039
-2000 29727
2916 26008
96132 -79093
-87479 -2539
-24214 -74024
-63132 97721
57189 -75178
26657 -48222
98854 73107
23469 68809
31060 -58115
6839 -48238
37502 -4139
-80290 68144
99561 -53304
27803 -83859
51424 43325
-97725 70492
30959 62840
13295 45433
-73504 96831
30356 6213
-62001 -17708
-29311 90472
-41126 81788
-29823 21398
-74646 87461
39544 67550
63563 76287
-82565 81276
-10279 31075
101244 75689
-76935 23126
