96
-20120 129742
91031 119668
21244 12668
-129428 113250
69977 22062
127786 -132872
-6443 12017
8103 -98453
-128435 63322
-14975 130206
65402 -125584
2527 53824
115824 90729
51586 62737
-49482 72483
54324 -28755
102042 -57547
137943 6470
-80229 8230
-64498 57191
-110521 -136071
117668 99022
-62041 119923
124842 103272
-20024 -120337
-39446 68861
-64849 -1799
22334 -64962
-93529 69893
-68671 -103284
-18840 72734
-93852 -8817
83423 -81419
-20827 -50017
119523 89801
-100239 -131562
109159 133350
-29044 44249
110383 -8196
116111 59504
11901 -98454
118909 33574
122418 134446
-8751 -112640
-126533 102971
65149 75535
-71871 63744
-84686 -1053
52833 -95605
56832 137688
74891 -26241
-36095 127956
-129519 128995
62982 57463
119984 -51803
73543 -78327
14398 107556
27956 60670
57354 29079
15641 7618
78171 1637
-64801 -98053
-72675 134474
120931 -88320
-7173 73101
-38227 57436
84958 -136909
-90011 17161
42375 57109
-44208 21570
-103677 -68176
-982 128195
-58565 29751
31774 -125559
-17155 108219
-19748 -36059
48020 -27879
-8790 13661
-34122 -1802
47654 117686
97829 -54085
-96484 93424
133856 -87162
113608 -21871
20482 -49224
28760 -136178
113446 -72507
-100213 -78858
-113315 42549
111481 -46984
76051 -64345
-124968 -124518
23976 -83628
-106179 -33618
120454 45641
-48466 83942
