68
30543 -73894
104659 90129
-66285 -8958
-107214 74504
-13872 78933
-67242 9082
-75021 -29676
105866 -104725
53622 45492
-115021 -110901
94896 10418
89162 11911
-113891 -39909
94798 4352
-85312 -84560
-37012 -51551
20804 -114942
69347 30172
75767 98008
102962 61625
67103 40500
78304 -55244
-87023 -11087
-15961 -46692
16961 -85161
-35795 47967
113325 103071
61475 77246
114906 20674
-34414 109135
64758 39344
78846 -23749
49410 58764
37907 63139
-52786 -66111
64556 54685
55239 37137
63616 -95372
-107366 57811
-80186 64274
85896 92595
-16441 78783
-37328 -21672
-76748 -31528
-69508 1525
-84047 40951
-39196 -90137
47697 48067
-61433 -80800
803 54562
95996 115008
59373 -39126
-111273 -10213
-22115 62771
12699 -67563
-79838 -85444
-104383 -98950
59933 69685
56038 -106152
72064 107489
-106387 6273
-41151 -53922
-91131 -30870
17108 -108361
-13642 -52041
67470 40341
-8987 -7244
-23256 -15122
