91
-79552 -56583
26906 -45481
-125506 60228
-114669 13981
80381 -30137
-106225 -116061
-16999 51400
46451 -95845
-81141 107526
-41174 62155
15943 66976
99539 -95329
-27661 100163
-130741 70182
20373 -2250
75120 109100
26865 47496
13325 -99172
-34243 2321
-15323 41031
-78985 -60871
118159 -7710
95591 73793
-94465 -74953
-57440 -26218
109880 32174
-49497 103543
121818 122500
-7258 -93006
72348 97850
-101218 26985
91675 -105808
50140 86591
-65190 -89622
-58532 21060
126553 -13934
24345 60188
-36064 3919
5653 72386
110546 51926
121970 97518
-120425 -28170
21540 -88125
54317 132979
-84918 -56501
-125832 129244
115684 6897
104671 -87038
-21879 109532
33911 130700
101199 20329
97175 121751
77171 110443
-129804 132072
-4006 65993
-26221 33957
99513 49159
33044 24503
56947 30215
93145 -62917
57284 90411
-75645 78649
-41053 -96844
-68330 -96293
-14922 -64851
30351 81041
112527 -41681
77284 79027
-67061 54737
-69186 -7798
-134401 -107758
-6050 -64872
65837 92473
112242 -69516
-80910 3358
50874 -112998
45159 -835
-407 -127573
-116567 -46113
-59722 67498
41417 53310
-106209 20730
72091 -67775
34087 -64420
34479 -93023
129739 -121621
-60429 -50373
38318 -125328
-10141 -102571
-26777 -3612
-89196 -104041
