58
22478 33052
-44456 -98997
62725 -36000
94833 67808
-89171 -19062
77286 -11393
-106174 65273
-18065 3570
-7519 28425
50575 -28293
-10902 -6967
106641 68555
26179 85354
-89659 -23343
30188 -100691
-97065 38757
-42607 -100117
15219 -69696
-78931 57
-13368 -47029
22509 59150
42127 29974
88170 -13571
-102018 63836
-13980 -43213
85769 10220
-25925 60323
-4285 -25878
81323 -104269
-46108 -28201
51214 54717
51718 49479
-16426 -31818
6514 12792
-79169 -77952
24691 -62903
97437 91277
12702 80562
86120 -55662
-63115 52731
40786 -3184
-34305 -48434
-71683 17519
-494 62753
21992 -7026
78153 -79862
-79615 15115
69684 -9553
-30464 -58162
-42520 12744
49331 -46951
83227 69364
-43316 -14055
-65676 58358
-98105 -99333
-99937 -18256
-71953 -27417
-45270 99326
