55
-24594 65280
30550 11640
-102405 -81593
-29655 -21598
65259 94405
-102876 26611
27783 -50607
-23673 7008
37863 -50236
-102250 -103618
-84508 -15946
-77422 49107
64461 -68549
-56440 94982
89838 -44184
14411 83702
56144 30128
-85694 73904
-5000 73222
66908 -56119
-6681 16372
97227 100509
-83593 22618
18260 -23531
-2651 -92899
97436 90601
-90515 -21239
-56957 19893
84909 50394
64332 -78701
-47754 47654
76761 -104422
54516 39593
58910 104761
-71799 -68755
-18837 -83812
86140 -44661
-11561 56804
29491 -101372
-4241 -10664
-17035 -8403
-86525 -43305
75877 -9650
37895 -45339
-17004 46086
99076 -89421
13 53735
-83887 4868
-85905 59899
-26881 -81425
-52923 -78514
-16122 -103980
-69153 34412
60386 9291
13410 31793
