81
12777 106925
45704 38700
-57850 -114825
86367 -31145
-51941 -124055
44017 101611
-75681 119043
23979 2575
113699 63942
-6268 -42671
-7043 89827
-25851 67739
4116 -45521
48537 -89608
-52165 94396
-40466 38136
28553 -66065
-115820 33395
-104333 111116
-109723 -13995
-76216 22087
4947 -41789
15849 -82754
-80326 36041
75237 -80373
-634 75925
114913 55877
112696 31783
59788 -46143
-87522 -75384
-88334 17200
-28408 -115627
24119 120347
-28576 -116990
64434 -78861
-42726 -22969
70788 46038
47016 -126009
-18530 -16288
-37798 -79001
53040 -24617
-76513 73521
32010 24775
45794 118194
-93763 -35972
59866 -13670
90429 -91474
48936 -101874
4934 21972
-62955 -36045
97241 -59405
66852 118934
34780 -7992
62003 54300
-24905 -83588
121527 54168
61106 -56989
-11408 7917
2062 -35492
-82723 -99874
81916 109961
88391 -11435
110073 84177
-93484 -16679
72659 34122
9493 -120741
-30501 14386
36831 36738
90700 109224
13014 -121653
81051 -107821
98631 -2245
-34695 -28604
29659 23888
-40578 -101461
-76205 -56010
10810 87751
74035 27499
-60870 -101880
-84957 54888
11871 -4020
