53
-55073 14436
12979 -17657
-61333 -22270
-97519 91584
304 -5231
-8681 19324
-15527 -48672
62126 -15235
47006 47920
33201 5997
51258 35068
38551 13583
78133 -12342
-50746 24802
-61756 1477
8671 27608
-24115 57454
-67931 -11821
-50519 69764
8326 -7772
95578 68725
-83542 96307
59545 30743
93057 -3407
82518 94674
-29953 31259
-74503 -67446
-18664 65242
-48256 -44747
-42960 -35896
-49395 -3031
-67805 -66390
40071 -91190
92581 30211
-72403 -58230
-44111 -19087
-67813 -93852
-96930 49079
-20458 88478
36632 40808
-55359 -33160
-18929 14140
34094 450
92645 44620
-16327 45265
-96189 -44900
66564 22919
-82661 -81164
91755 40802
82064 32894
-71509 17073
43715 -97509
100975 -24771
