83
-3858 -87163
-82833 61704
91534 -75655
107781 -53303
-42512 -41
-20416 104791
51727 119948
-6379 -87887
104938 37410
33483 -53107
113138 16445
111166 -124241
70060 -97307
-95786 -68770
-59897 80077
-32683 -84735
-115512 86281
-100012 16634
78543 35963
12977 -85434
-103667 -99465
12273 42627
-34784 -1783
-81926 60044
114478 109942
91124 -77557
119456 -9684
-71797 5743
14800 -27359
-50607 123659
-79792 67351
19397 29878
13889 -88626
-117210 -562
105290 106425
-22073 31031
11592 -112761
92785 -3044
66902 -95642
-58858 46517
3938 -52923
92929 -50912
91497 71292
-41165 85095
111477 -105336
-115301 -28045
-43875 -89858
-65974 -127916
36269 123363
-9032 -82242
-86417 82553
116443 -29247
78050 -116019
111555 103661
44666 123311
-18757 42898
-123900 -89087
-32841 -90889
-53966 117106
83011 -26242
-45546 -63027
-9777 102691
-8271 104752
-49435 31998
37754 -32106
-114999 48501
-81609 -11451
-45809 -63203
-4107 -87626
-34047 116211
-35300 -45903
28981 -12390
-124064 -88237
96167 15038
128367 3226
-33509 -1661
15658 -105021
69972 92854
-104199 55627
69478 -82489
-19852 100903
32829 -5330
81179 92392
