72
49956 71743
-98277 19356
-62137 20438
-58053 99705
-55459 9820
-35000 -18932
95538 -97641
-65358 -27781
-71259 73091
-88571 -96396
45800 -9360
98812 117947
102608 -80426
45565 65085
33669 -89418
-15052 -30854
-11470 75655
-110250 77102
19667 -7584
86196 17200
53245 86784
36276 -39239
-85722 63481
28737 -47155
99328 -26068
50348 -95272
-80033 -13667
88356 2337
102351 -93713
-45759 -13466
-89870 -95894
69818 59714
-36119 70300
88686 76895
-36516 88225
19236 63085
119563 -99370
19494 68073
52694 -105757
-76028 -85172
73920 -113118
83412 -684
15180 -93050
34494 13628
95040 52976
-874 -32605
-81430 82615
16076 37420
-39741 17009
70309 -25218
61581 24079
-49256 -83193
119797 -78483
90316 -19778
37639 98885
55594 -118777
61455 -116547
-40591 -74395
20901 97059
-37941 -90107
-57765 15858
36291 84262
-73824 -67287
-744 -79604
107261 -105271
-102587 67419
-16582 -73539
78587 74024
106759 -94639
61510 -64201
78212 -103810
58199 -39450
