46
-40159 -83799
-86540 -80143
-3724 66975
9926 -2600
-67167 5463
46246 35967
-27738 -56349
-42000 -76328
72863 37438
-58084 3351
41226 -58426
38929 15382
-25850 -86802
2224 86198
-66373 -81962
52943 -66284
21411 -70720
-36160 95846
-47776 64624
69020 -23546
49280 1623
35212 31926
-20177 -2925
-44644 -15319
76467 -51423
-62360 79656
61319 -38927
88060 -81693
40722 -43594
49660 14253
-91964 60918
-39720 -45746
-52452 -94506
84254 -59273
53846 89528
67579 -30797
-72474 54763
30124 43725
-80907 46606
-12897 22514
-28278 -16575
-668 42192
1702 -19163
81643 82349
72691 78323
-29667 23106
