84
33446 20057
94332 91007
60841 3076
37567 119789
100413 97593
11497 99295
-22066 -122409
-56568 68975
33968 6016
42428 -115189
-34112 -91817
40126 30217
3652 103428
4006 -53907
73752 34393
-8288 73030
-91031 -16560
-86244 -47190
96386 -44425
62813 -63573
-70228 81006
-82985 30118
91145 74788
-121763 -21202
-90737 -21909
50549 15985
118782 -122718
-15695 47121
109695 -89919
78910 -26950
55618 -77839
-60282 -101954
-32402 102137
-56278 -95092
28452 70679
42695 74823
51194 72243
-74348 76907
72430 -76716
-15279 -105469
89001 27363
-121895 101421
-33894 59451
-92948 35150
-18937 107010
-30252 -5368
-58091 -81834
124346 71668
-14161 47611
-82030 48406
53812 81100
105294 -27057
-12719 5653
-68312 -85181
44133 -13768
-60371 10651
10325 55160
70914 5481
-111762 126722
-24347 -50291
100779 82597
-125271 -44001
-118279 120290
-118503 -36880
-106301 53968
99456 -97042
-77077 21894
89180 -120000
11797 -42160
-127763 -115853
105722 -101259
4168 -127976
68170 -114323
-107599 29454
-86060 -62659
96194 -109237
71995 -99431
-121987 31630
-86169 56478
57666 -49025
93089 14966
93744 28624
-33245 20922
-90932 -86357
