74
-106129 91415
-98176 61181
-78035 -42712
-104100 -81538
51895 -72683
101590 -88318
-59803 108211
80452 -49704
11536 80883
-28660 -54888
6439 -29305
40018 98197
44875 13534
-21375 44227
54053 87759
-29136 -69113
99228 -40828
-3076 -22734
5720 -94896
32678 -3260
91744 13402
-45773 28947
41211 -5062
-79204 -54038
58385 29032
-9881 21622
-59506 41404
117429 70582
-108388 76372
59662 84519
-55259 70343
36156 108290
-121237 46488
66223 -104734
-97339 54948
37529 73533
50743 -120052
-94596 99840
98370 -39957
-60446 -18850
-53856 19414
62412 -115158
39083 -50527
92418 90929
97218 -84217
40571 -111267
-63886 84201
59666 42188
71764 37276
-8179 -4536
-90899 104951
102951 85655
24709 -103281
-80354 76217
85818 -92839
-104937 52536
-109818 121053
50867 18031
34117 -93234
54960 76422
-57102 106326
-41031 27334
-59124 71516
-65785 71116
-57246 113096
-13674 -68193
69504 -16694
9909 -9867
51652 8208
75503 -26151
112349 -23627
-31901 -67851
-74631 41642
-55267 -106193
