81
53735 105064
43476 -114552
117106 89214
-14044 -108790
104494 -85170
-8605 60666
69667 -53371
-110517 -78072
-37981 119994
-85079 7742
-116093 56881
-14478 96280
23383 -17269
-81468 -8715
41467 14171
95858 -105882
-9588 72849
44650 14827
247 -41149
107827 2419
84360 80305
-73275 94751
-119294 38816
35954 -50033
-58876 -77211
-13822 13493
123426 72696
26188 117771
-65757 69704
-69875 17183
-91754 -117258
78260 47372
-39251 72173
72176 -72380
-59189 -88955
13749 4864
-7720 20006
-52265 62804
-109206 -111318
50497 104696
78470 -31176
-43007 -93528
11839 16276
-52937 49448
53440 100723
83196 -101922
115779 16302
-90495 -13014
113697 -37956
-102413 46657
61030 38441
-71727 25159
185 108735
43820 73557
-56882 97494
-126462 106098
61750 -37218
-87914 25550
70732 12925
-117265 -101428
-49871 -67273
-106672 -19422
-36179 -84669
91616 115600
67629 21826
-54931 35066
91636 -93626
-45282 60106
125580 2527
100004 125672
-49378 -80529
70016 -30633
71649 -76287
111615 -87821
-77004 74566
-43942 104500
120051 77512
-6118 -108018
-121801 111000
-84701 -80114
107382 -123596
