67
-48692 -91660
-115209 -105724
-3794 -52829
-54245 -15616
42911 -105798
60074 -7722
108768 34945
1876 -78955
-106600 34925
-111836 -77663
-94134 80403
-39499 8477
19900 -109867
99213 103395
63530 113631
90897 115217
70112 14501
21645 -53242
69443 13428
-80029 -113539
24294 -36341
-33921 -62195
-35057 20320
38064 77638
-7194 114206
83076 103166
83905 -48909
95197 -59046
110402 -80607
-103746 66883
-91872 -107121
103977 29611
-57689 -77111
53454 90811
34864 111063
2953 43038
86384 -79031
-57562 -54379
70878 -61672
-35375 -92151
-48455 -54268
-23803 61464
41669 104895
-38658 -27493
111050 99001
32422 -22660
21168 -28093
11212 104966
-34929 89324
-73304 82742
22416 -81822
40004 3497
107134 -77694
95297 98722
-92341 -90173
-93583 97991
-47974 91696
25631 85809
26719 -19382
-100452 34801
93937 115692
-30452 -30960
44327 -87274
112385 15541
-108461 64653
100205 -12531
-45064 55137
