89
-126208 17695
-39067 115063
-18901 116918
-7493 -121669
-38687 67090
-32690 114908
-117532 114904
118198 -99109
-2286 -28604
-16408 -4636
-83136 123624
52420 98161
27069 13063
-121035 104366
-58675 126885
37143 94120
42310 132909
-86203 131913
-116565 -59440
-8790 -109700
-120593 -27301
-84431 113888
88879 -37686
14201 -65948
-118389 -113420
35872 115933
121691 -12102
-93289 -23870
-128907 -24550
41069 -13290
-115376 18406
-122508 2689
-29882 127400
120154 -121172
36922 91706
74157 53158
25014 -76414
21506 103858
97593 33908
33629 4860
111706 103011
-49962 -49545
96301 11769
-29305 102532
52347 133381
49109 54666
55760 125563
2579 107304
89985 77755
114736 -25601
119721 -14922
122277 7490
105699 115029
50135 43346
-28509 -108669
20098 -90402
-131076 -26461
-1313 -42435
-131454 127165
-97238 -90187
-16807 -22256
-127509 18217
110566 35853
47069 -70429
-131376 97808
-60914 -44648
-114045 2501
-587 -118783
-112213 -89979
-126116 -7548
-36870 3884
65455 11941
-38604 40420
-38886 -70645
-16379 -62874
-20859 -25248
4688 40799
-1964 65703
-56132 10563
-59241 19826
34738 71912
85762 40699
-55109 -23997
73932 -128873
-87132 67068
-117302 50201
-54158 -16775
73489 56128
-21310 118200
