57
-94280 100156
-77954 -17579
105534 -86730
78516 -77405
-63082 99767
4997 -6643
76639 84291
-71944 -47881
-95243 38222
-6964 -78634
80016 -20239
-66207 -29585
68186 -45141
34426 -31138
546 36521
-103484 -80775
61339 103193
6885 -12176
49328 -68827
-12279 102008
-100938 -44962
44482 73493
63763 32655
-19761 46396
26681 39083
-54404 -104739
25335 72185
-1300 15814
34772 -16045
-5624 41640
-49579 -1746
-27244 -26428
-101196 6486
-40540 -27810
-106434 11656
70863 105594
-82676 -104917
-13899 78707
-95433 102027
105720 54544
-44450 -4647
-86571 71961
102485 71829
43337 82207
-41554 -41726
91543 -15195
-11180 51296
45967 -4671
58851 -47096
79786 100942
43809 42877
-93313 83043
6282 -17403
-78893 68851
-55721 91122
-80601 23132
97662 28163
