88
-59839 -125665
-41158 19159
99889 49648
23677 24868
54371 -70983
-54618 -89994
-120787 -18447
-41202 -47984
104688 -29824
-14385 -118765
120036 -14309
-48732 -84065
-53901 117629
8095 -62748
-39404 -130457
-29407 -63280
-76896 111567
28353 86902
11169 95988
99066 37836
59577 -78384
-38596 70913
12693 -58770
-5774 -37829
19109 -131269
14003 -44572
-46605 -114679
-65281 89995
128152 34252
125912 84867
31105 -17877
24284 115865
17762 -26608
-73477 86757
6747 59079
-132299 1302
59299 105200
-14303 119013
-39826 -82950
-62820 -70928
-35999 -75338
131781 55780
59895 98993
120697 -44336
28549 -108556
-59552 40099
38907 32209
123211 33783
96224 3950
98859 101694
-99400 -103363
-13248 -86901
107154 123821
19317 -123000
91034 -1758
118336 117713
104800 -59156
54107 -46595
126526 -103997
-120063 -90989
30758 -12422
-70074 -122997
5443 31517
-93289 27357
25295 -99124
-61367 -838
94675 57982
109182 -5041
-130897 115049
-86651 -41985
70635 -96340
21011 -44123
32130 -48210
99195 -5163
-88963 -87847
86404 -97201
112579 57754
-97880 -62090
89195 104043
128687 -79807
-73916 -64183
-6813 -28121
-36539 -106308
108344 -62062
-112867 -82238
61751 79465
-79469 -3074
-2979 -107807
