74
-32476 120429
-3794 -85467
-110243 38359
-106347 115434
78287 77429
-11959 -10421
48352 -41399
77039 110222
105781 10584
-8204 -46160
-62952 42773
-20201 -29270
-10176 19437
-87742 -36606
84829 39382
-16248 -12915
-97083 -32751
25597 7051
83864 10667
22050 72068
-79770 75311
-97113 49729
-9502 -75436
77198 -24178
-50921 17902
-10283 -105894
-100283 -78976
-52416 -115309
-73894 99125
50948 57497
29927 10072
9629 -64871
25933 -97376
-72503 -14312
-25172 62389
-72400 -217
23776 -115214
52506 -84279
16071 -11639
-91252 -73386
34293 112162
-68211 119591
98656 -27084
-18302 118173
-76806 -7658
-51328 74387
-52971 112958
83646 -51818
49998 91451
81899 -110136
-105460 -27633
5771 53774
-117218 -66360
110050 -51925
7162 -50340
-97728 56465
72498 103396
-34348 -39968
-116004 69679
-63998 6677
79295 -30170
-22639 31150
92356 22564
58015 -9471
-117887 83138
8664 67239
-39636 56477
-99261 38775
-115389 -97813
-120642 -849
-17421 -34340
44975 47107
41676 -5221
-80415 67914
