63
32532 -89905
-97731 76315
-30576 87793
45270 46841
-101572 84213
79421 -42722
-84347 101607
-71946 18652
18996 -39795
67124 13664
-70751 -4167
-70751 -71507
-4796 13092
87623 61174
-36084 -48968
1804 -179
49724 -58373
16807 -84506
-6349 -52295
56613 -64604
66625 22588
-16160 17009
84731 50360
-94898 -2401
40207 -39314
97953 -25951
-88713 18351
-89096 -3401
98759 -53744
-85722 98559
-42686 50456
109883 -78977
-42723 100452
17258 -41389
-2682 -74537
-82022 -54261
88761 -101188
9815 30377
-22867 15820
-56710 1329
-7950 -86855
-90355 -19806
52463 48674
66839 -43288
50471 -32174
110377 -63700
55173 -45496
36210 -80165
-88742 -70165
-10507 -12856
10055 -58629
10334 -6572
-45711 8135
52173 85729
972 45403
-44920 -89021
37313 33361
101927 -10766
5002 81435
87838 -62114
40320 965
-93129 89514
-90526 -101991
