68
22833 -60198
62335 -10212
-95861 105207
-38177 74273
-81138 -80321
-66174 72589
-80962 99138
36914 20326
-61030 -13736
111250 59142
69153 -71583
-6598 111822
32358 49547
-77534 -31713
-81406 -27859
49474 -64742
68535 65851
51564 95024
104599 22081
-7371 19695
74123 74413
74212 -43955
-56974 -65722
25555 47001
61129 -84219
-30256 20900
53569 19265
-66634 63274
82566 27759
-22013 25560
25785 -105863
2509 -88908
-3491 -80785
-88942 -90022
-58914 67692
-67966 382
-47869 68405
-66813 81803
67693 -67950
-108272 56424
-50905 84890
-116151 116352
-71807 -43828
-51432 -86367
91522 -66273
-114700 98179
-115004 -7881
95145 -90772
-72158 92410
-25140 37042
12010 -3143
-2328 102563
-35687 44428
730 30589
-66396 -40339
70641 14838
-59781 -46857
86440 95861
91962 25336
89583 80043
108568 112455
-47269 -64101
-32827 -42876
-4363 -67660
55061 -8493
32698 48944
112773 38591
-20825 15070
