85
5313 -80185
26816 -77654
72974 34675
44070 13495
-56176 -50673
-13987 -74399
79045 -113821
115379 -76743
105684 76063
52222 -70051
-89033 -22883
-95817 109354
-20809 96042
104671 -28652
-114346 100788
-79922 -115465
-129578 100493
70722 81704
123232 74405
-91843 14418
71635 -68080
444 68158
-124020 -53696
32859 102958
2137 123232
100520 -126676
99253 -93250
96666 8110
41071 59772
-85172 -129086
-81723 -11299
-49593 108923
-54261 -58902
-10750 -39123
103074 94986
69975 -121202
108300 35586
-84258 -65499
59059 98938
14932 -20794
91380 116443
-25483 40427
-58675 -74274
38990 -49921
-41229 65528
-42961 -19319
71546 125860
59369 -94660
-68035 47896
73347 17139
-48488 -115921
37081 -4271
-92383 -75976
-61868 95155
-92960 -26677
129269 18216
24650 44493
-130 8238
85717 72845
119139 122497
-12562 -106576
-23758 -97997
-95411 -3906
-104018 22310
6011 -68898
6758 -13521
95140 -44720
54101 -11106
-72877 -48947
59167 -60508
-99214 3744
-72566 4681
102466 -92733
12073 88488
54356 86046
76218 -32055
-122617 24995
-45622 43122
-10047 48132
21960 34906
-119388 -86392
82263 128421
8753 -129591
43676 -6291
-102783 -92284
