93
96007 97491
-58872 29446
53128 115945
91427 33729
-65324 71521
-67058 -25830
80183 97395
131054 101173
-79266 129108
-2425 26717
97444 -125657
-30365 -37190
-59721 20671
71631 -87643
114192 -89324
94061 97551
91045 -80640
-128298 -20816
-107953 -43486
26878 -23083
107656 102694
79070 -102846
63408 -21674
101273 115578
-26574 -62429
-122867 -90637
33031 8809
72978 134773
130238 44646
75492 103335
72923 -60158
5007 2086
-32359 113192
-45231 7297
129150 99098
108673 66095
-86160 -63323
-129598 23130
104824 81471
-114540 53193
11872 -17790
-126432 9395
-80588 24195
-92596 -20626
-65760 44685
48612 110723
9390 -54566
35501 -131262
120258 48998
-27427 -59481
9365 -70465
-76261 -28841
9436 -117232
-102457 108800
-70286 -136224
-60486 49425
130511 -18428
-76893 -53109
-117897 -93348
16218 -19793
120530 48489
112767 15569
133283 116100
-50031 64461
91024 -38676
57822 35543
87465 -26969
-54096 110461
-85755 -103508
36072 -91921
-112161 -66917
104612 -116099
-9982 37569
-75080 18813
127094 -7177
24474 -82947
135436 14210
31021 -26985
90584 49188
114886 -110731
104800 -104546
-31269 -102056
132599 8761
-57529 45794
93891 -10601
-85589 117796
-44925 -16249
98873 -133539
-8592 52829
-73554 93550
-113528 96558
-98621 119349
21351 -48326
