96
127933 -20389
-75846 57192
-131667 -62154
-63632 54160
-135996 -121457
-63421 12395
-99101 -117587
-71615 -91523
-38250 126682
-66051 62088
53622 -12193
71031 48571
-3969 -72059
-77559 128313
-22793 41296
-97754 102824
-52570 -51357
101885 -51024
-104849 -116642
-107772 -53524
-88828 28826
100560 33536
107187 130164
-1928 -109506
-120190 20643
112857 -33611
-84511 -97130
-35022 16019
25097 -113927
96504 -123314
-7417 -64045
131856 -137103
-82479 69292
128915 -9034
-64516 -59439
50501 -30981
51409 39361
100534 112662
-60295 53765
-89362 122242
-77337 58082
74777 134233
102046 82065
-133918 -92292
79778 85360
-109325 15348
-38485 122457
130742 94333
-51319 66294
97200 498
-68227 -101611
-62642 -50693
129301 48135
-9754 -53620
47723 -6524
-65957 68604
-9986 113540
-69181 -20721
137016 -84654
-26366 74352
-83026 64073
-29768 -66889
46925 -40873
39400 56258
55879 68949
44732 -127112
-104144 -134267
31330 -96289
106332 -75594
-82879 -76497
19655 18056
-13435 109286
96712 131163
-47791 -21431
-98997 84884
-126057 -90423
54310 9898
-4651 -31032
80011 76592
-74431 96335
-72371 -127523
53557 -77546
-85724 72600
-108106 -16869
-76440 -40305
126127 34023
51491 -133765
-80225 71405
-81697 42851
31355 52338
-43059 -6707
134363 117482
-11023 -78317
53684 -126416
72105 -114576
71066 -93760
