50
53203 25361
93446 20111
16868 40466
-36596 163
86903 82235
-68361 2083
91337 -89032
7408 -54919
63722 -16293
60482 -13319
-91148 32166
80620 10240
79475 18778
9269 57154
80877 71840
22683 38673
35580 83308
89565 16400
-7640 -71871
-19495 94385
-83419 33280
89003 32024
-59125 36558
-49274 -21772
73457 -90517
-27681 -75816
-81137 -11531
99804 -42237
-59347 -63809
62568 -45086
4097 -97975
23027 69277
-4182 56323
-71622 -9807
33243 -57096
44323 83896
71090 32998
94162 67878
-74479 -62466
-3133 -48464
-71582 -69821
45524 40369
66370 91337
-25056 -95906
-77955 -89649
-67740 -21223
-81142 73457
25765 -29960
21768 70747
-8180 -62556
