39
-80288 -19051
58966 -44086
69035 71309
-82379 19876
-54070 11692
-22524 68225
7708 72530
-56527 82120
-20964 50704
39090 31130
-38062 49550
-3870 -52399
52375 -75497
34202 50962
-45924 -34110
-34895 50703
-67163 -2734
13257 49450
-73203 9884
50827 -17372
-60272 -51405
51592 -20378
86583 -87321
-32830 78798
8285 -10461
-49609 -33033
47838 74798
49122 -35316
44794 -60723
75726 34843
54498 24084
-45012 45697
23682 1593
-14970 44705
70579 -77507
-68182 86614
-56494 -44143
-60299 54460
-21043 40059
