88
-114093 26594
22978 77513
110560 -101377
-67568 -35886
37976 127432
-30195 -35700
-50744 112748
1967 -40970
-55897 -56563
-83706 -16925
-104654 97768
12293 -72120
-118179 109702
62448 76053
74589 96368
27170 24540
-80387 -96052
97407 65977
2935 -86724
-102762 85876
-66661 89789
53739 -106597
94824 10501
-96347 110939
-54949 -60285
60367 121436
45210 84059
15503 -82360
-15028 -86814
-22144 101962
-21015 11805
113733 -6900
129284 24520
91192 15782
-114728 -57698
-121526 43764
-121432 -45623
-108055 -58522
31851 -74158
114013 -75306
104919 80224
46347 19733
-10570 87098
21424 58008
114794 70493
-129068 -9656
119546 -10600
119470 -130405
54152 -9013
-121842 3840
79413 -87435
-130300 -93116
101135 -75602
-51491 41644
-82746 46990
-40518 -3452
-85437 123245
-10674 -41269
63247 -103727
-116017 -18318
33599 66108
94508 -131068
-30951 -82641
124476 6577
84976 100328
-6521 -57095
109202 -131678
-32550 94768
-91098 -87393
-84664 -10185
-47455 121167
57127 76468
28540 18837
-24292 -63352
74194 -122886
18347 -47670
-73662 -12648
-14667 -5104
71322 105065
68229 -18689
-123052 -121473
41558 141
89350 -9004
-12487 -27369
-74810 65691
-102885 -104352
25646 12894
22180 90665
