84
-40571 5664
-120571 41987
9494 -42164
32723 29088
104063 18978
-86531 -66231
-21977 -37758
-35457 -24554
-11528 75076
-88929 80240
-120797 -79579
10532 16025
-106116 -17506
-74466 -88375
-62088 -67467
16173 69497
32602 -110728
-6584 -17104
-12971 -76690
101756 -101721
-35750 122053
15673 -15266
-91086 -6526
-18130 102485
-101021 -115047
-53303 47591
20208 -58768
67898 -45567
92070 -47881
-16162 -25728
-33719 25013
-101215 -4410
-125007 2906
119912 -63084
-30530 120178
126756 27785
114135 77086
88835 -99779
-84941 -33701
-90394 -106778
118055 78707
102732 117114
22542 -8207
-43597 93023
31461 67377
-18158 11329
-52992 -41724
-109127 117700
62886 94179
-53468 -4752
24473 -6093
-108251 -9293
56071 104252
-27510 -46385
-121930 -38683
-12189 102117
-54582 -123803
-108768 110388
-71576 41415
60517 57581
14219 26998
-3825 -13757
-26670 80098
125472 -40997
-117012 23933
-71022 -103575
-93129 56961
-82186 -113212
27277 28179
-4358 -116986
113590 -84052
23720 77581
55076 94624
37851 83647
43907 77447
-62073 32476
7108 -90782
66773 -91959
-110956 111534
-124256 -29720
21503 57228
120349 4926
45871 111057
-19602 -70085
