93
-114967 11821
-89891 130202
62493 -116466
-108599 59285
139 -89745
103746 -15415
65756 -52313
106037 -1284
75111 -50847
-123693 -16197
-29276 -8737
-123400 38594
-12441 12868
115042 -26590
17970 -76503
-53472 -108083
25471 27221
-128731 -3805
-38714 -40139
104007 -23220
21883 -32782
46310 49321
-108850 -49914
65254 -109504
-132716 -103126
-5956 41180
-55050 53943
105791 3979
33835 -11896
-33893 26744
9753 -69379
17104 50825
-121768 -72205
-74353 -25256
18606 119880
-116743 132644
79790 -28266
44265 108803
11565 -115624
-50036 60936
-90612 4120
37238 -108825
128544 -112365
-45972 -104729
-85142 133347
132463 -130499
-74481 -83395
-12484 -109495
-91758 -86128
4000 70956
95039 -94997
20064 33457
-56540 -81868
44567 -9975
81400 -76658
80657 -17134
72295 -32913
-89624 44648
132225 82629
-73984 -18944
12957 52858
82787 56783
75324 -31261
-123014 80297
32003 66010
23284 109518
-97472 69968
112913 -103801
-54094 114504
10780 -54199
-114560 70469
78342 -79216
-101004 121015
-94412 6055
124603 -25648
99901 -88023
55494 83467
111552 -56510
-60995 34949
60686 61860
127612 -106321
91588 -122638
11596 -131300
-47409 58185
108591 -108789
-34840 31103
49485 -96807
-108474 -113791
76931 -1654
-127666 -90478
-77054 33957
-40227 103165
-60217 -134796
