53
-15679 47746
12375 32259
-10340 -13005
11821 -9854
-83972 -41409
67181 -70403
36024 9544
-27504 51511
-100053 -35647
-43388 -69425
-45500 -44418
-91029 94508
14896 93579
-58496 77142
86414 -49294
51650 34406
6886 -32756
-81149 -60763
-43632 45790
4793 40456
11990 92131
96321 -73160
59088 -9451
-102813 -26057
-40340 69002
24349 53027
66760 -14353
-83310 78593
-63755 26088
84094 -36060
-59405 -90136
33464 -91518
36453 -77919
57638 -79168
-22578 33022
1094 -30771
36791 59525
-65518 96251
-22358 94623
-37177 88747
11173 55718
-81414 41648
50656 71264
67386 40496
-62396 -2393
-57031 -76498
47533 -53700
66859 -48028
-17355 57364
8158 -60001
-45041 -90137
90795 66271
-65852 15056
