81
47656 125280
-107490 122612
-12049 -95692
-13293 67124
-45822 58117
-108975 -111165
-11697 117446
-120109 -79214
-84747 11043
-35481 -84289
-50578 -79177
66660 118686
-80320 93888
-98690 96063
15595 -60098
74555 -77516
52816 17907
-79435 -28422
58614 121871
22867 54486
-17426 110841
-70787 40062
-11830 -44496
19339 6229
-11263 -85512
-16102 1379
49934 -4432
81960 -124719
33222 -76799
55755 -62142
-72079 -42096
49662 -79784
-31696 100741
61925 -5525
125472 -73866
6025 65981
-108819 69253
-118561 52391
74425 -76003
6047 -43226
-66221 81644
28928 -1960
115627 -109338
-88990 -89455
108521 82154
-97802 112175
62365 -24874
92165 89541
94364 -33286
-96632 85446
16577 3889
-13959 62418
-13051 -101180
-104069 66539
41993 -46637
-66752 -29478
40970 38850
-116892 -86572
50140 75189
-121495 -66145
-13585 -36326
76446 -55405
10783 31563
-29597 37540
85965 42713
-48069 55271
-16060 -74135
-98268 39242
77293 67375
-104356 13621
120430 -28887
94300 -70690
57367 -21787
-30485 26343
18347 66740
-99849 53599
-9600 -93753
-87890 14033
-82641 -3713
64821 104735
118612 42176
