66
50412 -59344
-49750 76181
-67585 -77757
-76555 42069
15506 82870
-46054 36317
-113941 -3589
23685 -10222
15797 -71247
-56474 80684
-23430 105642
73898 81892
90124 -46726
-89291 -67581
90078 -48590
-24363 15994
42228 36754
-39310 -82959
114590 -70378
-25430 -104240
-35254 78686
-87313 -72755
89003 -57763
-109306 22404
-96354 84709
-53191 -98832
-32177 50761
18710 -53972
47565 -65247
114443 -59537
51666 -47615
-87312 58099
-18298 16142
-19867 -21584
28486 -101785
-50018 111015
-96166 -38220
77316 -104438
39756 -98010
13044 -65645
16139 -29292
-89223 31637
43413 30310
87799 -50605
-73770 53236
-83201 -65921
-36219 30302
-90185 76690
28713 -84478
18910 -43597
34786 -33543
-69966 -99214
-78693 -71228
55476 21872
40868 40719
54974 -15528
38615 -57090
-63551 -69850
-109991 -104851
92257 -27109
58713 56907
-102866 31930
79133 71553
-60215 28088
75335 -3699
-59329 13270
