54
34707 -54370
80516 44875
27414 -45831
68017 -58703
-10719 77950
-43754 29983
7270 -43424
-91882 -21631
67035 42658
-100375 33398
21497 84573
14620 29798
21177 -80803
-42237 -38827
81105 64025
-36157 -65724
90921 98818
-100242 -89525
-103516 87401
-62578 26978
-16428 73420
88768 -75368
63867 87984
80355 -70689
-89994 -7253
97399 29709
-103734 -23484
85090 -17966
74862 -17380
7544 94680
-12969 -29516
-56667 -20268
-30035 82488
13400 -44080
102127 -6028
-68176 -21026
12248 42618
-40231 -51755
-1492 -78215
-1062 91847
2062 -67252
52063 89181
-88520 -28299
-13374 87853
-99940 10594
-554 65260
76751 36063
-21649 9492
80162 93697
-81508 2589
74536 50763
-98966 -27758
-27938 -14816
3969 84188
