43
15598 -38011
58954 -62882
-47723 35262
65024 21974
54489 -5069
-8704 68520
38793 -81060
1015 -20065
-47856 65880
84091 -71349
-49210 -18147
47974 -25591
-4066 20034
-76555 -29022
-77909 61867
66841 67698
10428 -90706
70991 -89718
83400 -14423
-52876 22718
-25675 72802
37130 -27445
68215 -81282
53414 53612
38636 57860
43693 -76407
-415 -35406
-75496 1446
-21193 -48725
-69162 84445
-40064 69459
-14241 -36311
-66785 -58023
-79493 3987
-78793 75551
78564 13902
55055 36209
-69012 -68116
-18061 38790
10756 -66232
-51530 26454
71982 -79558
1599 86057
