41
77312 -58733
-7883 78459
39282 -14792
-84328 -23596
54766 44140
68940 -22606
7559 42482
38568 48864
56112 51084
15268 79684
44587 82305
15949 33215
45507 -35325
69464 -76812
-864 56183
89177 -87192
-48249 -13503
40153 61367
-15199 -7688
-19251 49822
24038 -28661
34310 -52876
-47550 71171
83387 -74533
25600 -9210
62177 -11558
52448 60323
76544 50538
41318 -12513
-58934 20522
-83310 -42566
7281 61774
-25332 -13079
-60186 55462
62925 -29859
43296 -53915
79238 -39049
-35812 34853
5020 -19047
77414 1173
-26260 -83984
