56
79573 18292
82900 -41454
-80880 -30146
86964 82363
-11041 29765
53190 66303
44408 -15164
21105 81722
-88077 80762
-21918 9290
-81402 37484
-7236 -49131
55880 -63691
-104841 -75328
-71658 46683
-90826 -47635
-34007 -69945
92558 83582
102292 51117
-4228 -16238
45871 2194
-37428 -17017
-90107 25436
18916 -55029
-45289 93102
-38042 83076
-17355 -11030
-105143 43326
64290 -52007
27979 63433
-95423 -59984
54190 -14492
79725 -51744
-99966 -94224
-60456 78659
96383 1589
-9481 15965
91774 -68250
91975 67116
22452 4453
100363 92852
-10718 52019
6775 -54166
53479 -4225
-39297 89192
103262 68017
6050 -36863
6593 -67979
-30921 19803
-81454 81695
-79743 -80651
-63733 104467
-75239 -47817
-42967 15277
88052 -63681
32595 -60263
