85
108058 -6098
1350 -2245
121493 81098
-5626 -51789
109788 -21955
88290 -117875
-65953 128922
106032 -666
123139 74808
57280 128157
-76194 -114947
-59738 43084
23090 -90889
-54498 12925
-3186 -58133
85413 -105503
123820 19550
37375 88572
90859 -32901
-20054 3368
25432 -19026
34502 101336
83079 101623
-122598 -113137
-38385 -45113
-14263 -27690
-52130 113270
1200 -116197
-86402 -29464
-27288 -53633
-26935 -21973
-19747 -120865
-76479 50880
-61535 -17765
-27718 11610
-76872 -86872
96371 112800
-94849 58088
119409 -106621
-59303 -39656
32964 114347
-33120 101526
71502 -13941
98149 62112
-46551 -32873
103761 28391
-125013 82972
-15534 16382
-98661 -108636
-82581 8320
48404 117705
-13731 -36045
-108421 -107554
79041 92493
-19855 107989
38335 21697
32900 -49827
-64499 129975
25397 66402
19664 102529
-92532 124655
21469 6123
-123272 -63139
-120791 -122897
-2089 42995
31884 35951
-130316 -15242
53605 128712
6193 54635
-13416 -67754
24915 -105074
-71049 17090
60452 41180
109373 -90385
36283 93648
38126 75825
2046 -54990
-5429 -50869
28555 -4717
-66160 -23845
-85275 -113767
29943 54329
-52491 -48432
-80349 89301
33166 -49841
