63
97996 -35418
16079 108176
71075 40467
-44763 -99034
83510 87124
-13161 84990
31323 -44162
61673 21116
-106245 -27508
-73636 89502
-81896 40038
45017 -46410
50692 -51678
-86473 60148
53700 -24072
-88115 30672
-111525 -42629
-55142 112108
-80066 58930
11774 59848
42580 109328
111816 91106
-102678 -82980
-111463 -110319
-73526 18500
-43134 -95976
-13149 85219
104171 29715
-89197 -80872
-80483 15061
64113 -8852
75171 26791
-76155 33193
-16154 110994
-15705 -15152
-20871 -91587
64554 -99321
72097 32829
1106 70614
-84179 -29211
20766 104048
-44442 -47462
47324 -44529
-32483 -32497
34516 -105640
-83541 -52490
-39872 -7775
31177 -763
-102613 19963
1661 40859
-48585 -82519
-35431 -105264
-90639 16668
-63411 -10055
84061 54264
-78204 -17670
-47228 -28011
37051 -67557
47200 44312
-71264 61419
80836 108119
-83658 -71327
53053 -64555
