76
9426 -94135
-113742 37488
-78857 66472
96543 -42097
67824 89409
15501 -51172
17593 84977
-24940 28150
53395 43818
3488 1382
81550 -29092
-18507 -32566
-80907 -13852
-88964 85296
49486 -108838
95170 -17502
-62302 -5740
-89581 25749
79736 122546
-59655 -77411
19449 102087
100143 89142
-30397 -115330
100483 -104711
63791 -22655
13689 1153
-70179 4592
92302 -26097
-57988 88210
-34128 89186
-97812 -84748
953 -105025
72211 32295
-31154 95360
62363 62250
-112122 -115262
82876 -48961
-69855 43167
118433 103917
42502 23408
-5562 -8788
94203 -56102
24577 100343
8138 -28565
42713 -19786
22684 -101425
-109988 -98104
-24999 -57201
22309 -65200
-114784 91739
16375 -18690
31555 -73468
13726 -112665
-109402 -1785
89656 116669
-44925 -69235
109290 -116179
-14094 17124
-26992 8425
-39629 49095
-9371 29781
11203 59486
-7022 21162
-77532 14899
-44516 20187
62569 97872
23222 -45313
-108933 -93288
-109545 60078
-94003 66103
4934 105815
-50647 40458
-36329 -86374
36205 -16427
-79204 -43521
92203 36600
