88
-76332 45886
66582 37786
-60681 -21165
-115641 -59688
115865 68526
71710 76346
52831 -120749
-6441 92493
52050 86869
-131566 -50369
79099 83568
80787 -64656
108954 101689
128853 -50096
-30798 -95879
4986 -44936
-39206 -109261
-125781 106768
95902 -35104
116234 94243
-82518 -124028
110839 -19439
-81195 -64771
-75140 123425
76087 -30767
-9309 -62818
-46252 96212
75245 26401
79687 59326
-121859 -117502
-86356 18235
34542 54420
-76584 24187
-78071 48664
-27795 56609
-129510 53699
-49031 -65418
-104202 124847
-57638 14823
21910 115176
-19560 81772
13705 -42362
-9846 81193
101361 -112088
65440 -62197
116975 9651
44848 -96538
25725 -108755
39597 -130038
-12907 67345
-80446 91463
122839 -90790
117423 63372
-27338 -37123
91954 -121621
-8514 44016
115703 73475
94252 -23451
9986 -115435
50493 61978
126335 -106902
-16081 99925
8338 74053
40070 53197
55931 -82971
-78607 -44066
2094 -112688
-103220 -66051
84998 -120425
-90135 5202
-130759 -122163
-32147 -903
48415 26318
-78205 -57995
-37625 118908
-130376 -15668
-82305 117841
108585 13284
67756 64468
108891 44460
132266 91857
7870 95334
119928 73108
-59129 5093
118766 129014
-94365 75683
-8698 19957
44760 108191
