76
-49084 99080
97061 -23803
47893 -65235
-79873 17389
-68406 -79550
51170 12781
121666 -84454
-38831 -93790
54100 25543
73557 24063
118146 31071
-37979 57994
3268 -119183
-80372 -13263
40987 87491
-67741 -3105
5309 107642
-86990 113208
83900 37731
105889 -120089
30805 -56482
45297 -1194
-111593 73368
24905 8518
8017 -588
28798 16654
-47890 84855
115353 98902
-93629 89587
101552 -29906
-106564 54438
-30180 112586
80885 87344
-21995 -35961
-68005 50171
2351 68059
-5885 -101980
64333 15192
98116 110611
8076 106546
-120263 -74436
83102 94256
48092 -106229
-100528 -80494
-42531 -59810
-90640 66239
-92618 2710
77140 47931
-44379 -75897
1197 713
96483 79218
-110145 -96991
93362 -56859
-20830 -74125
-10516 33163
-117700 100729
12907 -47237
95485 6249
-48356 -95788
65886 96920
18952 5442
-31764 -42770
-70845 -107993
-101624 87466
36529 50693
71150 91328
-40256 -120021
6370 11787
86070 -59963
64638 -67962
32129 -110872
-95157 591
6157 -82276
-93453 112594
-122397 -25458
91491 7339
