71
-102894 -93075
-45724 93126
-113936 -117445
-55915 1435
-80123 -60597
8635 66211
-88591 -34821
108422 -13355
65297 -118110
-28494 22910
-59556 -5194
-38628 48825
107566 80502
86335 93131
21057 6645
-30110 15669
-57081 -31148
14843 105104
-31982 43255
69239 -108432
103478 -93944
-103582 50280
-36359 -85016
1616 16771
88613 -33715
100117 -55347
71186 -65337
80344 -75178
103278 72110
-24724 104880
-27191 -88065
65012 57676
-77128 -65210
-95986 -71678
69568 109756
-103160 63337
19504 76029
-48566 52533
-3309 48440
-34211 114713
65628 113797
45821 -95563
98902 32676
-95090 -86199
50974 48833
99216 65163
-103790 104486
-59189 20322
-62029 -61269
-30702 -76231
88976 -75721
-63212 68909
43802 63470
17585 29240
45868 -13081
-101022 -1312
14369 -53582
-90704 74454
73157 -68114
80979 45765
-72120 91098
33414 -58010
73148 11134
-17637 64576
-81627 82616
56443 78957
43480 17028
112939 517
27069 -96689
91646 93709
32923 70803
