53
-56018 72830
16411 15300
-46317 -41847
11015 39869
-60508 20784
-31635 67390
-95307 60647
36766 102840
-3948 -32508
25912 74042
-28865 -37616
62560 -53464
78711 32587
-86797 -12606
-79957 -631
-67425 13029
81269 37712
13986 75598
-78449 7439
54459 -70945
1731 66410
95591 74040
-9863 62126
2176 24974
-10599 71392
60661 -51261
67772 -51369
-66603 -75541
-20276 -5927
30294 13225
28538 -9313
9158 -51857
28952 -39210
-28810 -9129
40585 -50524
86471 1318
29924 42284
4714 -85731
38610 9412
-98953 26511
31812 81132
-54712 41712
25872 -16991
96767 47770
87870 74717
57901 94298
-10709 84283
-1196 -22330
-32966 73661
12210 1332
-59930 -88706
-21818 93798
77208 -45224
