89
96383 31385
-20458 -19741
104829 -25411
80798 28183
-97795 120906
39634 -64998
75085 -13909
130976 50684
-78550 61413
-85234 -126183
26905 132111
98315 26085
78908 -132018
112351 41264
-100084 870
-130739 -119762
119813 -41568
28606 129623
-19776 12138
-99898 -14347
-55300 -68195
125765 -51602
-13099 -107230
41775 -2069
112222 89321
106983 90512
-60144 1836
-44808 -57523
-24703 113035
18201 26500
114209 113880
-16090 98896
58035 66941
25709 10488
118541 -6158
112517 24841
106153 36331
-27294 -99890
115293 -65227
-5624 78509
15434 -14881
41772 90746
48158 95880
101041 74915
123767 -50685
-124327 26778
-63571 -51128
47086 53734
-118562 -68645
101020 76136
-88397 10514
12190 -31912
-103947 65122
-20810 -122152
14817 75272
65861 -32444
-84681 61128
-86598 28364
-37503 -23335
-108944 -8160
-23204 45018
108921 -4560
102849 -95364
-10005 26579
26860 -3784
-95980 -35284
-2874 97080
-33453 -97492
-76219 -51414
109100 14915
-89402 -25501
-130601 -104071
-50716 69706
86457 21490
-17179 74977
-109531 120325
20240 -28298
-112593 -89166
-36290 -83064
90596 -37372
-45215 40733
85551 58798
-92066 100934
35517 23428
25516 -107921
-27803 -68152
48339 74230
50524 -45005
131047 50116
