87
130419 -89178
131698 -116221
-64765 -74803
118613 52701
-50846 -26695
-112479 9836
-13440 -51563
-121024 20963
18851 67672
-31073 -48756
47876 78374
-120467 -66341
53074 -12558
-6750 -48543
-87132 -123391
-12871 -128787
71681 -48757
32066 30848
-130409 -47702
-97708 55534
-10701 14380
3281 39152
43240 93063
-82392 72028
96618 24600
37941 -3175
23776 -103864
9226 38786
-6272 109936
122755 -52623
-80977 -127408
1741 -74921
102493 21104
93042 -10252
-90421 -1595
-36314 93094
99711 -114815
90322 -125080
-117742 48032
-38396 -102053
52758 99350
61287 67834
107894 -10721
-55877 102870
-22516 131699
-30408 -31467
-43526 -43400
18721 -115052
131126 103007
3635 -7432
-9532 8504
92662 26100
82701 42556
-118213 -65369
56703 -84657
-57244 87929
24508 -82081
-53398 98646
104045 23465
109087 87137
74862 -83032
124471 41583
-67936 33994
22379 -99936
-16854 -100088
-38437 -25424
-37998 -14368
63140 -37612
-112741 -73888
-7682 -15433
-28025 110453
-116983 -84161
19185 -95052
-41881 -92
-36795 94870
-10497 117316
-124218 -112006
5127 10688
1868 119678
79355 -44598
101461 -82004
111031 42938
31807 -48733
-19529 -71984
-77887 -87629
-1197 -98512
-102121 67861
