75
48750 5086
21624 93028
3423 16253
10865 -92683
-35868 -110101
18727 87539
-15212 -96044
74927 -2939
26771 56911
112927 -102613
-37781 -86491
-115173 120822
99168 -34885
-79819 -35643
-44750 111752
122338 -28453
-86273 98704
51886 28365
-27174 -43386
101892 -26521
-42333 -117121
-50895 -16232
-45113 76716
-51840 -20279
93288 56529
75574 21505
-101792 94784
33793 72342
93414 165
93719 -51190
25455 -11865
59276 99895
-32401 -70819
111970 52959
85788 87615
51920 103916
-31458 -9060
106143 -18320
114064 101546
58034 -13783
-55892 -116638
76234 -51195
53897 -49317
9975 28917
-70993 105471
-2455 108030
81962 93976
-57277 51633
101428 3276
83436 -58314
44080 -48594
-36020 -643
118930 -88612
80973 110770
83894 54294
-33623 -67810
-12608 -42958
-80011 -7076
-32487 26018
-122037 93330
-58308 118724
33317 -109039
84567 2416
84479 2332
-96553 -40620
-12506 -121610
-41064 39766
63090 31569
-12347 -60781
96795 61754
-113476 -54414
110769 -63658
-47354 32380
-75901 -19442
-19686 -27584
