60
-74475 -68712
-8377 -33418
2337 85041
58315 -6745
-29170 4175
101725 56458
60307 -79678
-107978 5519
94928 -68245
21437 -32779
-101798 15683
68954 -35589
14473 -51630
97970 -96423
-88948 -70765
-6522 -34242
61690 -62633
-46605 -32645
2316 -42596
54994 -105331
65835 107944
-68833 -105623
90962 27421
98989 95385
19078 31834
-46088 -80882
78738 17284
-35398 82471
20664 87004
16749 -44973
-39045 78402
-86312 29387
105297 -20550
-7180 -28997
-18773 62927
56807 -65656
66321 99517
22933 -102107
-26181 25379
-61601 -46705
63314 7576
76635 -55802
-31949 62342
-13286 82565
68851 -52653
103257 -66938
-48138 -4865
-52695 -70291
-42525 74323
71741 102991
17915 -21308
-72523 -56612
-73534 49671
57120 -5407
-100076 -13678
14507 -32081
-26842 106848
-75605 94931
-23775 -76798
-105553 -58588
