83
-72724 10868
93954 70468
19858 -125028
-126454 578
106099 -68092
-29773 -29961
-36386 -60013
121786 11966
123022 -18921
82141 35594
83770 -98356
-95617 74387
-43894 31244
48522 -14191
-44915 23674
76380 42139
-46298 -15026
-87703 -11203
-101185 -74277
-115903 -122402
-127995 61445
106893 104875
-45098 106140
-51778 65908
-60165 66862
106223 -41960
95175 -37414
18837 -6247
76287 98289
95997 32577
-7521 -36805
46448 -125853
-6180 -37605
113155 107479
128248 53584
37801 -84344
101951 101707
7407 -36931
124996 106740
-77047 47190
-110242 -17550
105515 -28634
-120418 15763
55356 -4067
25461 -122700
113052 69902
-20006 26775
31788 61260
101268 71321
-90754 80597
69371 118812
30113 -122452
127756 -33017
118405 -109970
38520 99026
-100583 114922
-94169 -88936
-84798 -64489
-128062 -91721
-38895 78000
99178 120480
-87918 75634
124355 -100670
73825 125967
-111054 -72243
22512 -59509
-121315 16393
121770 -124432
-58313 26882
-15780 -57338
-38764 -126775
78720 -107407
-87093 13124
52149 31639
59023 128640
118220 -10584
-106624 -27144
43743 -99576
72183 17453
9928 -124333
3191 -51863
-4860 -59951
102530 45947
