52
-17023 13152
68480 22573
68706 95025
-83999 -89196
-77435 -91926
-94537 54898
5204 -33143
-36161 82867
62910 -83157
-8540 18336
50438 56326
-43244 -18477
-2447 -91281
77451 -53494
-47128 -99219
-75928 74962
58391 -74374
-82183 -67550
-21708 -98191
44993 -88898
-42658 5398
71401 -55719
-86370 70988
-87033 -20144
9130 46761
-52388 -31498
31455 44155
13339 -76099
64241 9608
-49854 -89487
31036 43186
55574 -74414
-60471 -91988
-35083 -19944
-92309 -36171
-77487 -91322
75854 -4452
-14006 -17197
-58474 36235
28605 -56780
-14000 25437
-50723 -27215
-39667 -10273
44573 -35286
-99116 -39794
63396 -11345
15723 -68555
-49816 -9335
-17855 -6292
-53851 -29922
60155 68226
78284 47976
