64
-112266 75712
42545 -101948
-46891 -88863
100730 4443
-47660 85990
-93264 96273
73370 40166
-23026 21973
-88929 -4453
-32156 -91786
72218 -86598
108069 38110
-67949 47497
-69432 -37291
-5074 -92492
56038 45487
-96419 -108007
51469 66643
-70157 -87716
-69287 6799
58126 47143
6316 -3870
-76967 -52458
95764 63320
-36337 -40438
41736 -110347
-3167 -74194
-79644 -65560
869 -34000
45464 3741
-47 61568
33499 42738
100254 6937
-112641 -91414
-58794 -58180
-84634 27375
-97428 -98055
85642 46592
-88790 -45719
14915 -77077
-26035 101666
61838 46902
22141 -103236
-92365 -112487
96944 -14359
-46581 82891
-29116 69521
-54039 27675
1452 -20140
7060 26578
61071 -97741
-48469 -60089
-104716 -100919
101307 -97949
87039 88606
-57061 -99977
44300 -78212
-59777 -75697
69109 12023
-45813 -1143
-102857 96402
17772 -34570
24515 -111554
-61641 -78332
