83
95032 -121217
50921 42381
-122989 69410
-21501 -53801
-115267 -25292
-58616 114302
-77242 -38255
105415 22255
-109263 -94645
-49719 -89470
30335 115445
-35262 115853
99551 13456
-756 62581
-14213 -41636
7018 37901
-56651 64752
63598 125971
28678 55118
14724 -62121
-79424 -27585
8356 27432
31649 -99883
41667 -57948
28234 -1400
62572 -28589
-34835 -23692
26335 -68705
12999 84542
76945 -17737
-15238 -14353
22602 117733
-28144 96928
117277 5952
64749 43810
128826 10506
69679 -63860
-115672 -25401
8741 63962
-53957 -102577
57105 40269
-18889 -35797
-107018 119658
-68244 60835
-12740 121642
-123327 44379
119996 -103186
-76549 82602
121809 -4180
74162 104299
8893 113182
-13434 33311
10023 34299
-111324 35010
-106450 84334
21989 -123272
78615 98683
41496 -33794
11551 66710
89289 124039
-36560 -14742
-127176 -39567
-95959 -43138
-99930 109456
104562 -76512
-12314 33535
63437 96844
96111 113609
-4023 -36947
60566 49582
-63750 23296
-88061 -37153
123391 39194
88614 51983
6934 40128
126736 36959
23314 -116195
-24323 99954
27972 -69403
-42219 -43739
-74290 125665
-18284 -100176
50971 93657
