90
133495 -27791
7494 -81521
45770 70196
122594 -112372
43213 -82714
111074 113824
75718 -48820
-108428 112224
23749 -63357
11240 -19256
-75114 119527
-22460 87350
-15816 86025
-52320 64926
-9199 -32664
129223 23702
1526 59730
105104 -113682
87096 -111450
65564 4391
98011 3090
71613 -62019
109183 66355
-83450 104816
-119665 99886
102317 67204
67400 -81874
-126631 123046
-47519 -123514
-19441 89174
117730 -41599
-45938 -87925
122618 -37782
127249 -7151
-3440 -73125
-60470 37143
-113651 84336
35286 -5113
-36065 49058
121799 63508
23160 -11694
-53256 57524
-22097 -116785
-75792 -15727
-94263 52950
72202 -47885
-30232 -99950
25230 -94506
34731 -26126
-2270 19271
-69092 114805
27397 124594
25113 60539
40467 130468
-78824 -43286
-44802 112338
10958 -50500
42353 64626
43554 73504
-129313 -131930
-19767 -103253
-2250 52441
18181 83189
54770 52020
80534 -100715
22891 64665
-24077 24266
86831 -100416
82243 1062
22019 102070
34359 25963
41680 18084
63892 75314
-79522 1303
-113275 -116964
-91535 28471
-38833 -116004
76937 104016
59795 85376
-67694 -16118
71885 -110659
23848 49019
-89553 -101789
-118682 119176
-51837 -18102
124339 129805
99602 80568
-89516 -94995
-5966 15422
89233 -85564
