71
30772 60734
91519 115126
50278 106802
-86549 87738
-117703 -34777
27963 -88744
-32364 63168
-22649 87430
-34812 89393
16640 -87368
46262 59573
-46780 6168
-101558 105456
30007 -47385
27287 -31518
-110727 -81534
-30890 -59628
103420 -63903
51378 76976
36161 39749
-42124 39823
45719 32471
13721 49628
46288 -70873
36504 -112789
-117569 20025
-117029 37601
24784 -14861
13417 -117464
86397 117405
-102106 -76793
45093 -19962
73900 6030
32400 -114423
-94417 82097
34729 -94771
-2722 -77260
43675 -54766
40504 -41095
-22462 -89975
94059 -70756
-23098 39075
-77309 81032
-93749 -7054
-106093 -41552
-66477 -54601
35094 28773
36094 -25081
-18087 -3281
-71249 83212
-65899 53575
52868 106250
102216 30755
-107577 116360
-46493 -23127
-39603 78183
-17934 -98268
102279 48475
-114479 104405
58177 41435
-17715 118877
37725 18873
5853 31991
-95795 -18971
-42237 23504
-25501 -14712
-84258 104258
50812 13018
-38343 98682
-35753 -84165
26524 -95922
