75
-102437 -18055
55128 -25121
26413 86032
66019 40956
104358 97191
-53144 -38391
67599 120648
-98341 62953
-110349 -73710
91312 -35495
-164 49715
3621 -55918
115708 70165
49177 81191
-11703 -109108
70350 103198
-83028 -100425
21157 -27588
4905 73045
105615 -7837
-114790 -50161
-31473 -24460
88542 -118859
2247 -100788
113705 -66236
-96517 -100692
27237 16509
53182 -90829
-87786 48811
-28775 95055
89665 -5549
-43396 101546
79528 70386
72036 -89202
-31129 -5710
33071 -121038
36681 119363
-864 -65832
-79924 84787
-90846 19747
39052 63142
-47717 118599
-49905 67630
97881 81979
-86569 121672
-34277 -84928
-86651 -109714
-35299 -118650
-111115 -32417
103441 -83398
-121435 83035
44835 -69713
-74553 33232
-60462 -30900
41552 13312
12127 -51093
-43634 -1576
28617 71227
-29516 -119826
-53453 -64091
-65437 103058
103236 51435
10105 -29664
-90854 -44041
115338 114015
35191 70775
-47483 110984
6334 104704
-58459 -28086
106046 5424
96773 -10870
-23144 106061
-21802 25329
-99020 118926
-23838 -47882
