87
-92999 107879
-54838 22030
-92905 79541
130345 109679
-97283 -22148
-123885 21153
-52917 34518
-6531 74576
-34800 91762
-12096 48524
-94192 -37851
128623 -24818
62275 -53716
-71543 -102855
-65391 86657
104341 -29380
-34531 103133
-93559 9758
-122518 106723
24378 -99235
62993 -110215
-103292 107268
126199 -63394
-45762 -49909
-67975 86136
-42392 -52307
-13373 -37221
85924 -54384
-70648 -116034
-1 -128959
-22513 100789
40674 65356
-94499 20517
77586 70983
111068 -81610
112849 88355
-124186 -102850
124602 2450
-97025 634
64857 76171
27261 66130
-11958 -6614
-103132 40077
-124442 44756
-129762 32742
-9748 74934
-92163 38066
-56513 60183
11938 -55409
96070 105602
-32880 118657
6836 102666
-125432 -64781
-129931 118296
-102616 119363
-3142 -118056
46199 80872
-101683 -80567
-6998 -98299
9548 119972
-84529 -30202
-89644 113211
-90270 63921
-27996 -53442
-22448 24303
-6767 121
-102364 -46779
-129427 80217
-67813 11414
41144 28441
49922 96845
85668 37554
13990 26668
-80492 80776
48764 -124338
-13001 -83068
92942 27636
-68917 16163
-19762 61702
-22801 56122
-81921 63985
-126200 -78168
113213 48304
-88998 20115
46571 -65507
97234 59438
45194 44954
