84
-70643 -22640
-49235 65727
-118522 75926
22168 -119473
42401 119962
114246 21409
11873 -37547
-5766 -111105
-124651 -110745
-28992 39564
-107577 22883
-7110 -29023
-104913 91317
-18318 42241
-70644 20069
-15939 -65567
51392 -37400
90766 -24794
-56474 109214
99879 99206
74428 -33947
-3786 -89312
-5031 19820
-82430 -91741
-117834 112282
-54050 -75856
-42361 -104990
-114882 -40418
38514 30801
-98169 -121728
129429 53319
-9857 29584
-110315 -46655
-71653 -61847
-76455 78380
-70966 51863
-95483 86557
5505 95237
63396 -86213
-101810 -2122
101359 -83549
16350 44399
84568 -52920
-104918 128787
79269 -102127
11455 83188
58758 -65201
38199 -53604
-109307 -37313
114246 -10493
-79442 -119592
33544 119003
65659 -57472
124078 47543
116371 77753
-11082 61274
-2540 -6877
-84767 -5928
-22430 -50442
103353 -82725
54063 78451
9058 -101720
-46369 119015
-83718 -44901
108070 -116776
23448 -12711
102224 22785
67703 -112241
53061 -45091
-69718 60724
-69830 -86135
67017 -112337
113950 57911
11258 -76361
98906 -98612
-129130 5929
-90352 17025
-57647 -32947
-112777 90718
-53931 90414
85121 -31855
-52031 -27728
85912 82449
-73266 -41589
