88
-104206 -70415
50164 -43574
23618 130632
-89954 -34099
47508 60639
-76107 97199
-66085 -115300
-51163 107775
103046 -83619
-54543 111723
-65516 120801
90203 111032
8087 61242
-129067 -44351
21626 -22742
9119 -84480
-70714 -112470
-125695 -23688
104884 -35673
91602 -123736
69715 102636
-68466 -94648
-56973 -85793
-8930 10825
-52923 31891
18458 92427
125918 101734
-64931 90607
26164 85800
-106326 44655
99977 120310
129479 -107433
-71586 -82581
117445 -57351
-75441 87954
-47252 111088
132223 75448
-89725 97765
-104944 86805
72836 -29837
-129070 22353
-132429 -12815
-3636 111481
104244 60447
-41814 76408
-57620 -52262
4833 -99487
129907 50639
25754 -65758
-33418 78502
-12803 -23469
106964 -75302
60493 48781
120812 81272
100412 66284
293 13443
32014 -64037
32337 107686
86382 -125650
14356 3553
-91380 75805
123109 -118990
42618 -16743
-41533 -96724
16359 -47005
-84621 68203
-85647 84361
34952 -9875
85221 -67894
21001 110665
3690 -107581
-98150 114932
-18114 62082
119725 -75188
73889 81694
92596 -89059
-122118 93740
46273 -83059
-95448 -62888
-23710 38429
-14491 24931
-33634 87450
46710 -104399
-89719 -32443
-34104 -31488
-22952 89963
66156 -44191
22527 27561
