47
-68252 51493
-58199 -21554
-57768 92930
79976 8868
-90066 48145
-48184 -13955
-94814 -18531
54109 -21512
-77705 89621
74658 -92102
90279 -62492
68347 42239
-81743 95179
-96909 -30551
95950 -398
-32178 -47754
-89735 -45644
-68917 14809
-47140 -35692
29621 87710
-1226 -92887
-69252 73386
21020 -37015
-26599 80068
-29351 54572
-88160 95261
38662 -39011
-28345 -29989
-83077 63829
6336 -50831
-4589 79169
-73231 32708
-76471 79285
62746 55188
-67760 -1407
-74258 8123
-89844 14187
34682 72310
-56285 -26093
-16426 75441
95789 -30482
-81583 74027
-55827 88588
-76282 -56729
15316 58506
58350 53469
5427 82352
