87
56095 -11497
52206 -51869
85479 26875
25637 -32316
-121018 -36231
-61469 -29772
23789 6709
-34666 -75216
-37771 -42746
-77538 113107
59761 -119238
114201 -84443
-107036 -121844
111818 74688
-29063 120551
112845 124860
12398 -131224
-62826 116348
-21995 122358
34966 -10966
44363 -130163
108547 -35914
-126409 -55841
-58586 79425
-36606 -97505
21007 -58578
-89652 -110146
14351 -12736
-48197 62757
39590 92411
-45256 -12796
-122902 101415
33646 30931
121982 -111497
-113308 -49998
115665 -87542
28815 97306
70093 -121251
-120933 -13465
-108848 -65535
-42204 123043
56001 33286
73909 65894
108538 -8510
46926 -24995
88075 -112510
-49961 -53431
-117584 124646
41077 -113671
72017 68298
-63855 43615
9626 108375
-107524 -54330
-58015 -94899
-78627 14588
45192 -78285
111979 -79259
-24845 13599
67741 -20140
-34272 -88119
59925 72551
9328 11181
122604 24827
-90294 116239
-109685 -3976
106057 48357
-99722 15990
-113157 -64906
-71560 -72837
40579 107619
41796 -35490
110507 29592
-124196 -25177
42455 121566
-41754 55074
131870 62282
-44198 55047
67690 -106111
-49485 40220
69085 -75439
26152 124315
-91344 -125359
-92749 9291
-42001 68898
17722 -51808
126154 80574
-22267 -123708
