84
-103606 38896
88570 117218
-59928 -89617
5257 20810
28857 5294
83876 68545
69913 -119646
117881 -23962
29291 -45362
-57418 -88327
-102075 -87694
-123464 -108192
85438 -101954
117985 44492
-101045 -3293
59400 15659
-31656 116758
-103597 110874
-12446 -107031
-96005 -112828
44731 118116
-62327 107985
-39689 -92965
74535 -68364
-118332 85770
127531 102853
72689 97249
91697 -45867
-42950 -74662
122076 95471
-23619 -120841
-128977 95616
-42317 51640
-11541 2450
-85074 -2487
19227 9567
36117 33425
67484 -20334
127383 -118263
96570 -71967
-108473 16172
-15691 125014
96610 42455
82664 -20431
-15229 122955
86688 -48016
120128 40236
126449 45283
-48518 57501
80474 -32822
118598 -120224
-46688 -128190
40849 87653
76951 96748
123154 1201
-61719 -3464
99090 -68718
-98055 -118511
-30648 12610
-19688 29831
93016 21529
44532 10235
114563 -124171
52158 -125886
27612 71415
-50395 -118697
91074 -19936
-120831 -82574
-80895 -89246
12473 -15123
25447 -28689
-14955 -106822
-119170 -69613
116611 -24872
96475 4617
-84810 -67475
109055 -3943
-55952 -104523
-19817 -123296
116124 -92796
27030 112784
13910 45708
-19345 -90554
-10193 -59022
