89
120893 45644
36457 -66690
-40323 103507
70585 4998
51516 -36058
-52551 117996
17953 -119240
-26502 115720
84959 -120887
-73915 -111350
-23802 54970
133015 66558
-86437 101785
-40233 -15876
124245 121940
108846 97473
122410 -44818
-99383 -113716
133134 80569
126637 -34131
-45695 9935
-2288 -96715
-55126 -119664
78991 -13695
125846 38985
-113530 10973
-78362 37731
43982 90261
-98825 87688
7162 -40441
-129906 -24556
63272 58553
-15255 81708
-80010 -103460
-35461 -24832
-96476 -30351
-78581 60413
-124392 66426
20165 37093
-80884 -106481
52501 -64320
-106852 80420
-77782 -85687
129065 -115405
18490 -93949
-66368 -108574
-5316 71091
12818 26590
-71568 69393
-83989 2878
109891 -6137
86974 60442
-78084 82481
36659 63807
33292 20592
47884 -85539
-54662 -55993
-70669 29698
-5026 95063
-87334 -80526
-97102 -5998
-34087 10207
-16780 29522
-83403 27166
123876 128696
-124129 -19979
-58649 67256
685 -69474
43810 16783
126508 -5856
-61543 -61131
128266 42794
-45530 40349
5430 103117
-128702 -64691
-84300 60909
-83557 46930
13414 108728
-77255 49479
20266 -53511
-72049 -127852
15345 72373
85475 77517
93173 10317
20261 -88371
58414 -631
73396 -70312
-13089 -3443
-42166 -93513
