71
-21750 34988
-110266 44840
-79935 103570
64569 -46636
42292 -42882
-107547 -64618
74107 -26810
22812 79915
-109585 32815
-29365 -11823
-15763 -93278
-65394 99806
66355 1335
89729 60752
-26319 -96388
103349 -102975
-72369 -88013
-13578 103946
-41724 92361
104709 -6231
-18813 -82226
-115881 106658
17207 -8387
76646 55447
60560 -96835
-22061 56849
114491 23349
-30255 -48590
-98343 54555
-72885 116610
95227 19730
16994 -43009
-8510 -43331
-59039 -53135
-81968 97077
24856 -22324
106890 -117747
-28873 -98444
52864 78787
-113237 -84647
-36993 106410
-58586 -108741
102527 -69587
-40058 35851
14542 106191
4742 53652
-48108 99226
89546 2424
-24056 -3137
-74726 -31610
2058 -15356
-16265 -110
81874 -82871
-71495 27470
56881 -22908
-52472 51048
54174 -32883
-81036 -106602
87040 11379
-91209 -52803
25822 -77344
-38520 -105022
35543 29503
109196 -87451
5258 80673
-100322 -67337
99145 -117772
-76150 -108525
-51313 -13956
112994 -48517
-56358 -106163
