40
-77919 13145
84752 -80550
79958 -86806
57414 80812
75919 -75584
9585 -78704
-10607 -87377
-59464 -71564
-11637 -37066
30418 -43222
76711 44134
-5404 -63369
5090 41122
22520 -53457
-13876 13221
-58722 53797
-8023 25775
-81763 -73985
-55402 50960
-22070 -39631
-71848 -17305
37919 14165
84749 32616
10060 89342
-52107 -81084
-88175 -58108
69226 23002
-10073 28550
59083 -29237
-28385 63691
18352 -78333
7299 -66257
-22805 46427
89094 -87223
-27874 46767
-85231 -2881
-33256 -77429
-83202 -32481
39310 -22714
19514 27828
