100
-92567 -111541
-111359 73319
130514 109080
84203 -34674
14931 49137
-39102 18098
-133615 69582
-38383 -131736
-14314 -58670
78809 -15466
-48427 111425
-39300 63960
-101954 -41315
52979 -114642
-24130 -88523
-97535 17055
127265 46430
86581 110246
-23815 -127784
-121434 -3638
-29034 117855
-98066 98031
24856 -40035
-108042 -74507
118843 21208
-104661 -73821
-38831 22615
-95186 104123
71092 26408
46367 -18664
42158 -111754
-118986 -111924
20296 20182
-49107 54017
-108233 -53066
-30363 23368
120320 -79850
-86099 25181
-6569 -57895
-17208 -63713
115564 -48491
-87544 -100298
36014 -63162
27146 -38712
-112774 100648
-67503 85347
-121748 19651
-35812 48956
-5723 -70602
103078 -94373
-11504 -428
-23522 -55474
-66813 31785
53551 8132
-43811 -68993
65475 -51698
-64011 67086
-61384 6970
-81112 -117516
-70369 -50779
-49416 -44911
-92420 35729
107590 40816
130886 46466
-42079 -33373
75590 130789
-63637 -73139
117830 -135233
-136356 86942
95010 -110241
-72589 60962
-115981 136289
-116826 114879
-106067 -56055
-43964 -81487
81205 120532
90662 -15026
134136 33027
-132280 -68412
94645 41579
26700 -24144
136738 -138837
62615 45174
-107746 42383
104940 17885
83926 -32636
141199 114012
-46663 -109878
-102540 87109
-97000 35360
85778 -34069
123367 -49852
69263 -94453
138855 -85684
137962 -13362
108463 -20096
8683 -24000
-62697 -60119
97691 19164
27913 131984
