59
-80927 2748
-67385 -91939
-57663 43364
-81320 -90955
-108185 92889
-71204 52193
101694 27681
-76982 93620
6001 29334
-1899 4671
-49559 16613
18115 -18367
1648 44717
26043 -64703
-90023 -52702
79893 55181
-87515 -36875
86342 -81854
-867 -26914
93353 1819
-88626 15608
-86665 -27608
48574 -26231
-83932 95098
-59497 72380
-101658 70111
-78555 21434
-18734 -33231
59811 89410
107082 50643
-88736 -36262
-70550 -51691
-16463 -86985
-51432 -61606
58987 -10483
-57375 -69524
19358 65721
63310 -104491
-51529 -61862
49992 5471
-54057 58339
50377 61553
69983 50672
10564 -59452
-104524 -44787
12352 9845
66202 16632
-107836 -49995
31414 26547
-14051 -65923
104301 96768
37334 -39408
38771 77599
53928 -61140
50479 46033
-38797 -75901
16866 103900
7685 88577
5073 -85300
