69
-101266 -57546
43348 -81359
36639 -9339
-67809 9204
-115816 -49543
-20513 6843
71003 114263
60051 -112514
-89848 104077
103890 -48779
3255 -72958
-17870 -50713
-12863 57201
-5649 18033
-42388 -1854
45701 -85697
54809 50278
-56462 -106066
79996 6302
78198 -45086
-97746 67383
-73603 102984
106448 -33346
70826 -106709
113607 3231
13335 -49517
-11662 -5057
-13115 -46333
-64605 -71463
21653 80099
12106 -79077
-37517 -113353
-76704 80128
41004 -14130
-74383 -90372
19880 108849
112100 116145
94455 -57819
73511 -94784
-58387 -24489
-91437 28027
-72165 -21666
96885 87636
50022 -29704
-99956 -95549
-103311 -30545
61597 21938
84679 -93183
10763 -73785
-45073 -79480
44508 7983
107333 106184
-20988 -49065
-75431 -54283
-107295 41367
109005 -76023
106290 78633
-9793 -40798
116888 42287
65595 5137
-116253 71352
105031 44433
55452 -85447
83186 -66522
-83182 29454
45084 39325
19850 38169
-59333 -65596
-100743 -14968
