46
65081 71976
52850 -56512
85846 -10397
-88846 65776
-20580 -64820
79910 -67159
-31310 -51665
77221 13566
-75371 -51941
-5261 -46894
73056 67027
63666 -54402
-66229 80512
47368 -71775
-8511 22953
82775 -59051
-85710 12181
80318 78443
-74856 18723
-54621 32773
19096 18337
-81736 60214
-84820 59755
-62872 -17802
90268 -68971
43640 89904
-11840 -4419
-28652 494
84747 28838
80144 -50568
-47805 -13314
3251 36631
-76545 -29519
31808 -83512
8119 62703
-87873 79109
41465 59170
-5390 90371
-72507 -245
-91890 40737
86795 -22190
-25096 -10778
-66771 -22464
25130 -34481
-85133 -5376
-2075 70633
