44
-89799 49703
65625 25738
-72369 63927
86863 -44493
78866 75196
-86909 -69628
23654 -60342
-42042 17864
18426 79846
-31011 51693
-78062 -42974
-71133 -78166
82710 29464
-2194 54241
-88648 55418
10672 -70034
-4120 -52226
6434 -28042
-71977 10854
14737 -67279
-6595 -30114
78044 36229
-86000 80202
33113 87448
18230 -45825
65914 90131
75439 6988
73474 -5664
79948 53574
-46477 54913
-1845 34500
-44019 -52033
-66580 57259
60531 -20563
-71402 -87639
-22975 71069
-12896 -81695
70269 43063
86328 -61251
-4839 -20032
3540 64155
35602 -39113
-9877 -33959
-33881 791
