45
-94564 -71623
12116 12885
-89297 89421
64614 -1818
-23721 -70279
77504 -78719
-11068 7973
-3540 -12502
51309 -72544
66387 92678
-37094 53873
-80340 3389
-89318 18156
-4541 -33459
-13864 -21114
6969 -51044
90473 56500
-6310 -1445
42947 48936
30707 44419
-29751 88964
52169 -44454
31497 -12497
82998 56191
29282 61864
83856 -65805
-71119 -56733
-47124 520
-17298 8440
-94157 43675
-20471 13785
-27372 63802
61278 -68989
-28377 -12862
-81658 49529
-61255 63487
-74951 30987
5643 29031
36968 -42590
48646 17989
42708 44355
-81295 51610
62043 -85157
-54244 -5203
53931 68347
