67
114820 79391
4385 -75901
-102390 77207
-55290 95337
-81008 39365
-96481 -48832
25477 4925
-99365 53444
99473 58242
17759 -103732
59347 -35807
25792 -12585
-12848 -85912
28881 40158
-43210 91689
-89012 -69323
-106239 115387
104243 38478
-44785 93008
34919 -111316
17055 -115502
61453 115034
-32525 40406
5110 73239
57182 -65536
-41594 -23297
70344 72737
25982 8902
-25194 55179
37736 20697
35510 -58504
-19903 101110
67053 7734
-10188 -26885
-101261 21640
-13622 114681
-53812 30188
-50811 -1361
22568 70485
90837 -28939
17342 111599
-69631 6877
33333 -40097
-71328 78230
28931 64077
-102967 -109529
108846 -99931
79998 9532
-62056 -1811
-74966 103884
-43909 63678
77208 -13729
114908 34012
51562 -84454
20686 -14753
-18762 45501
-13609 36114
97736 -37399
-47939 21370
83652 -115599
-110985 107346
85355 99422
-64620 -60553
-40730 8694
115707 -78516
-4539 -57827
-84232 19862
