45
-15947 44233
19935 55855
38917 -46067
-28637 -94008
-38717 80420
-14074 -39488
-54677 -2446
79902 -54037
-90193 -37905
82223 90033
-285 -73932
53259 19512
31903 -50538
76683 -79886
79004 -68554
18317 6766
67125 54974
82368 -69803
-19290 -80906
-78837 29982
30556 53579
-8279 52179
-43458 -26004
-3359 -77534
-7909 61307
13271 1410
-11289 60164
74289 -91334
68738 56766
30116 12125
5586 35435
39266 -54233
-62335 63657
-17010 -92570
74968 68311
31415 -79934
-87914 -79788
25462 -54384
-29914 14883
33886 53391
170 28403
-31267 16732
-32324 63187
63847 68879
17714 -65964
