73
34585 28673
-58050 -84367
22135 5582
81985 33409
38038 -84158
-22010 -112818
-36254 78418
88214 34707
-44759 55930
90270 -47031
104238 83098
-50006 -114131
-10811 25638
118280 63650
-87889 -5622
-72704 99896
91343 -33470
-81721 22167
22878 -43401
100028 109795
59012 -24458
35173 -81371
-11105 -17757
57170 -105301
-119366 32209
-87469 -479
68443 -85161
-92756 78467
-66107 106163
4615 8818
-92299 79127
34911 112472
99377 -5814
63709 -106922
88389 76320
-80165 45896
-17242 -10410
38144 116188
-95965 99807
119824 12189
38966 83429
73220 73731
40651 -14563
-71915 49636
-79152 -86058
-26355 34319
-44225 52049
-97926 47603
-40665 116762
-7457 -119939
32640 -60287
50433 61289
-113969 81131
21943 -66993
-40915 -62460
-87667 59121
-41385 89489
-6982 -93966
-99295 -48078
-8650 -118562
-28796 -115506
-79000 -85752
41753 -98271
-32997 -5926
90158 -101958
-5373 -61908
2902 33607
-78278 12395
-7871 74318
-47657 -64307
94511 -27459
-111962 -48219
94760 -104999
