58
83109 -17314
-104764 -58946
-49222 -9176
-56709 81764
-57345 -48819
-70784 -91939
-43845 -98318
50438 57888
98162 -57314
76100 -23316
-92812 33527
-68582 -57610
-105209 -71524
36980 56138
97926 1842
13157 -98655
-3488 65637
-43420 -11652
49098 -38557
-32185 -60331
-105068 -70486
-89306 -44147
3347 3961
-20866 -32379
-23000 -106914
-41423 76732
98700 15246
1952 -49929
-89013 40174
-73839 35643
-21978 31874
64223 -17522
27394 31971
-69456 68212
-40604 39139
97088 -17838
101251 -100307
-49269 -79693
-40255 3695
-106904 -33659
107350 -107411
90897 31864
-74960 -22681
-106261 -66903
34272 -33998
92514 77323
-74040 -5
-10742 -5581
34011 -5433
-41195 25077
60979 -34760
-74585 98423
-13613 80539
-41452 37288
92478 -89027
37682 -44729
-5817 -29248
-47744 -34267
