49
85046 -97113
-33275 98157
-12061 -67283
-72520 -42965
4804 -29059
32478 42100
-69128 -70668
41112 58159
91657 -24113
-4951 93193
48555 -80767
19440 -93629
46373 8873
73663 -54216
-6969 -12312
75151 83158
62410 -47039
-70008 45738
98402 37737
22008 20521
-81232 80416
90483 -52569
18019 36192
90107 89812
19686 -5728
-55742 63364
-52187 17666
8609 21389
-81529 -29693
14750 26358
-47916 74606
42390 -73040
-49109 1884
25351 -33860
-65651 28848
-36952 -75887
42342 -68214
2800 80356
19334 -84606
75241 -44360
-6702 -13234
27134 -42323
26306 36915
65975 -17972
-22891 -94481
-77734 -3015
23623 -74241
-14633 9385
-15200 -1885
