99
108900 -112245
-60870 96800
70850 39252
88135 30709
112597 3556
109186 10687
-5356 -72673
-78364 -18688
29722 -119748
-41674 -69247
29503 -67128
-98424 111970
-137190 35327
-120040 -92244
69381 135882
-112499 18867
-82154 -74622
38210 -99969
112090 -101243
-9556 135846
50578 -108912
-5313 -94314
-92056 -8158
-118489 22489
-108581 86732
-96651 76447
-14819 -53144
-102427 -93200
-53942 55508
-9809 -91840
-34180 108073
68194 -20606
18130 -60914
-125829 100120
101164 61911
-101941 -138766
12257 51954
-25624 -121297
-126608 -69057
41809 -93682
-123627 130263
-62218 -20656
96262 -83662
-13239 -58402
44225 -65215
16990 103385
41744 -11220
-7719 -140550
97870 5327
-71692 92088
140177 -79934
84644 -132763
20221 -119807
99415 -32466
-45460 131365
-59492 -104281
-127355 -47207
81329 -132916
139377 -12295
83208 7248
-102269 -124881
-81299 119051
91049 -100208
53977 131932
113146 -118014
45952 -86309
84350 -30942
69473 -23358
136715 37280
-90133 -98062
-30739 4799
18962 -71756
-92555 -11835
-75887 -106608
54706 101001
-126533 -81150
-133623 -104260
-25398 -98660
117740 -37945
-137722 -125663
-110299 -49017
136436 26512
83146 56431
102161 95797
-29921 101509
122951 -111452
107799 -113386
3544 -70349
-46092 51062
109490 -90163
-96095 90981
-64083 -109964
58907 -22984
21461 16876
-66107 115531
-84203 -139540
136888 37831
-92948 24587
85047 129282
