99
-35215 46056
-56514 116276
25747 72947
-17717 114570
-81435 44929
8933 -28824
76630 -66496
65570 -26217
-11712 -113682
45613 -137574
138627 57961
106898 102175
17419 -57863
44233 66362
-29444 -28283
-130275 -45575
-123857 133958
16766 45593
72617 128648
-47324 82101
-120091 -74791
50631 -44976
-10315 -94062
105231 106587
-111525 -88304
-71783 87842
140344 -104498
-77333 91374
-36724 -109072
-42888 98206
-116627 -91986
98120 6580
73563 22094
70472 -127325
-64492 -16189
-30502 28521
-116344 37604
-65404 -47118
82838 7043
69852 121941
22675 -79266
3419 -15317
35 15524
-464 33488
-22387 56429
24626 124267
137107 23786
-111360 109798
88692 61286
3145 -105230
7184 134603
-117434 -43699
43867 21850
26241 -32233
117154 122652
106051 121044
-65562 -105737
-74762 -33617
-67368 21398
77306 -43085
-30705 6015
88193 118751
-84222 78090
-70317 -59441
53656 -1345
-62786 92622
45986 36555
-93706 79218
11038 -65168
-100709 113892
-98487 60022
84936 47514
-24894 95188
120953 -84119
98365 -47916
-117956 24137
-70553 -100768
136832 -56576
-95123 -104993
-97034 -118952
53616 -80714
91148 30590
-10450 7133
71013 -47297
52472 -30069
-55875 -24311
123343 94545
24647 44751
-36007 123468
103183 -11940
56525 46923
-88762 132394
20920 28146
116517 94171
-11425 68423
43864 16757
14606 -4564
-61963 -2432
-130993 -55587
