53
-51927 89813
68186 58137
-37746 -86973
-47061 83849
-32246 -43992
-49718 -69051
60337 35092
56465 -95165
-27209 35618
12394 18602
79039 -39752
11178 -101615
-9802 86874
-98479 -54606
-21184 64233
-28973 40111
-97958 61235
7710 -15098
9146 90295
79471 53087
82494 -42462
-92013 -15047
10123 -32840
54812 59211
99122 17481
50963 91198
38075 61241
51745 -58155
60876 76560
-23352 28994
94604 -23712
-79374 -15236
92563 43253
-68029 -90766
-96808 -10507
-48594 -75350
-11620 -47056
-13165 86660
-23415 37223
-73476 -101681
-84678 50976
59593 -54224
-86526 -45954
-39945 31077
-17663 -60199
5707 -16328
-42397 -39051
-96682 -102445
-54631 -14550
-60255 42244
71094 25569
52317 33318
-61745 -51056
