54
33099 -39543
47574 85648
-86246 -77162
55356 382
-19449 -41658
74820 -43575
22066 95769
99946 -79348
-44211 -83787
-26348 95507
76563 -44055
-3081 45140
-29214 82434
98090 -101167
-43035 -74432
28931 869
-68420 -51699
29593 32532
-55724 -6869
89541 34685
-97288 19813
1789 -8795
-88144 81971
-456 -66618
-36645 78457
-69281 74748
-36160 70127
-16812 -94715
-7369 -94784
54489 67715
-89783 -69951
93360 -103637
91245 48014
-20249 33744
42817 -71360
-31172 18890
59440 53194
-36866 -35066
29272 49174
-26817 -11262
11136 -80644
19116 72424
63564 50007
-56951 -84852
-76195 78531
55173 86912
63970 52302
80346 -41106
1435 38669
-47147 -54020
-6628 -15157
94801 -26943
-62016 66904
88666 -70682
