41
8715 -68843
49967 10196
-43350 -14097
-10128 52094
40291 28067
-55905 78296
35797 87656
-22363 41876
-28993 46503
-43084 71458
-63160 -79529
-35134 -53316
3377 -83903
62967 65841
-87870 79110
21831 73302
-10404 -62396
30307 56526
-43606 -30629
14274 12462
-21132 -6903
-82770 -17645
-6501 41445
-53946 -78328
61181 29418
-9837 52320
79632 -365
10813 -44631
4729 -44589
65500 229
-67337 7871
51424 9608
63046 -53313
2300 28285
22648 25298
-72819 66737
86925 75082
-79569 -26729
-35675 -22445
26810 19967
20235 39257
