92
57324 -6041
-88708 -44916
-38580 17322
-930 -119395
6055 18019
-51759 -127728
28570 90321
-72789 35273
-121227 -39485
-31300 -23308
9528 35903
-68711 24761
71517 -25690
87848 88678
-129325 -13058
109043 56230
-59879 9775
91380 68495
-111993 -104425
-120348 -28218
-113528 37586
96699 78791
-114545 127560
56802 107095
89673 -23771
83011 -29
-82756 -89491
84717 -19361
134475 -3489
25610 -129978
-115458 -133109
43460 -49228
-94976 2004
-37075 -55159
50357 -91122
126156 -41771
53153 45359
-131784 35180
106595 135391
99938 -120080
-54504 -94886
-105725 118838
-131610 -24123
-2255 54908
115763 -114124
-33561 -121493
-106216 -40399
-91862 -128960
-80639 -120254
123380 -91856
82135 -88771
117586 -47327
59231 91430
34958 -55501
-52292 129813
15538 -5000
-86349 132890
-77881 -67206
-105109 -39358
-94942 26644
104091 90164
70015 38988
80479 59687
-132295 8575
-109079 -68044
-120196 20533
51644 42889
105522 -120208
95081 -8128
-112206 -1220
41472 -105094
-87630 109897
-60406 -34496
10943 -87708
16097 120938
-20210 73188
-10416 -102084
114737 -18892
-2679 32360
-12892 70435
122127 -4290
-125714 -47447
-54155 100379
-75689 -106844
-30492 31614
-66737 80856
33184 125681
-104173 -115001
-62070 -10053
-33736 -69625
-124199 -5274
57933 8674
