61
-74551 -23985
45893 71322
-71586 -79485
-68501 98655
42088 -62808
93065 65770
-75834 -88795
-106929 -33870
-29605 -6846
64499 88896
51055 49794
24829 73181
57756 -110199
-104721 73327
-103622 56991
43006 28571
-90002 26178
-44680 -101966
-15814 -108576
-27320 41444
-2829 -21815
97838 -81417
-46599 47905
52952 -86631
-97340 -53843
68524 -100091
28409 -35104
-73407 -4813
-82506 -20115
-27930 58806
-21998 80052
-55220 -76039
-89842 69654
99537 67678
88425 -43190
-37499 -65451
-17630 -62127
-28248 -103825
37921 87140
5799 33115
13433 41497
56444 -90772
5596 -89250
-18926 -87435
-99694 -82103
-85492 -94302
-21041 -14023
84473 -4216
-63159 21087
20502 -92032
-107177 109998
29189 -94454
-108573 106080
45372 41915
73192 -75633
-70096 -100268
22274 -76371
26409 90415
-74486 100067
-61552 21972
-955 29130
