42
45843 7487
-32415 -78298
-61539 72175
-79534 -68608
43116 18996
-15957 -57261
-44288 -40290
18808 90713
87569 50569
-35940 -91038
47796 -65296
-32440 -19150
30335 90601
-89335 3350
41266 6919
-42793 59615
6764 18576
3478 -80230
58823 -12677
-38236 73179
-64763 36223
-43044 -29786
49068 -62921
85927 -37591
-48386 65796
42040 29820
1355 -75343
61728 64810
62629 -52620
21195 66205
-14028 9335
-80195 -52853
25238 2236
-74501 14951
-3986 -59140
-3548 -51919
-75369 24701
-9740 37288
2027 -69410
87429 -90989
-62552 -18253
90596 26908
