49
-52551 -22442
27562 64283
-71675 67067
34879 96350
59403 -33293
34439 40851
-59729 18385
5554 30767
-20682 80858
-59337 -93332
-88772 97734
59706 -87392
58404 77232
40462 88035
31162 -28796
70375 -46047
-19386 -78928
82291 47869
46904 -4647
97716 -16387
26943 83596
60732 38679
25934 91477
56076 31599
4284 -75790
-95392 58129
-55527 -85671
93367 -47938
-54438 -71738
-7873 70679
20382 61591
-480 43885
-81690 -9017
-97006 -89423
-15326 12139
70074 21743
-56083 74286
58870 83960
-34083 15011
-66139 -76471
86140 92421
13792 79952
84109 82459
-38124 66860
20834 -81685
63821 20642
89859 -15502
12164 -85535
4898 -4496
