45
-54174 1282
-89127 -54205
793 72464
-72947 -76159
-52513 -2775
81371 -33468
62616 49126
-35919 25139
46682 -79387
36795 66711
61885 -9477
-43906 -15043
-12516 60742
-8529 -7651
81390 -73378
13291 -11423
18752 -62132
-37962 -37201
-87915 80614
-18512 -39522
-39332 -82069
54303 80729
-60806 -12457
-14232 68691
8647 70383
-26453 46480
-14813 -27235
36422 46564
-72105 84164
24015 -17781
59164 30026
-75389 -27219
34733 -79144
70723 44142
-46873 -90379
77766 -41742
-20690 -76028
-54372 17587
-64079 51496
34781 71975
18096 -16139
13287 91019
1689 4207
26508 64565
-37391 -94504
