60
74378 -63465
-52592 91210
3659 36096
30118 -6851
62952 45144
38076 1883
10518 52350
-34599 -100269
-82798 -101629
-92440 -29876
23130 82351
5404 -87940
-1900 98170
-77727 25962
-60992 -70419
-74524 -6683
-17082 92803
-43012 33951
-31786 -102410
-2715 34087
20184 -100793
49147 19071
19643 49199
-42691 15576
-107726 -33640
41702 17350
-43785 6410
79107 23393
-53597 -53761
62526 2405
-71686 -77129
-29456 -42384
-4110 34184
-46822 -4759
-94807 -99237
22038 -73808
95411 -3528
-28254 -91041
43478 2073
61289 -54378
-74527 63248
94333 -23533
-108030 -38640
37887 -32235
-96003 -57268
-103508 34209
41273 18067
49151 -83811
5462 -36500
12219 97399
-17463 -23545
-80431 -100994
92630 -52351
-887 82855
55910 -45025
61082 -7649
106873 30377
-101489 46775
-13475 -84311
-24290 -52135
