51
69590 9034
16009 -11911
14909 14281
75252 32259
-65481 -46486
11227 -22276
-46943 -91024
-93490 64432
73872 -26332
-56452 85488
25231 -56192
-70533 -15162
-41822 -76192
-50111 24315
35398 94643
-8985 -20215
15624 95908
10046 56418
99772 -90825
16389 100779
-97586 -84634
86540 -44588
63277 -59040
95265 21845
75153 -53926
21113 82041
-79142 -73621
-44867 25841
84247 77269
-7389 -97010
-65991 67314
99518 -99605
-24884 -2911
-95104 -47750
86371 -55823
-11627 -60736
-28479 -75298
66851 62634
-76351 -8125
52462 -16941
49242 -86864
-62424 22304
-10859 5343
30022 41065
79521 74727
-68892 -31643
53952 95429
-3353 18661
10636 -21331
20595 100913
-36591 -40384
