94
-135084 -104341
-103990 -121819
-78591 90418
-82373 -74298
-107873 136958
-26157 -83263
-20268 93685
-17950 -48945
-36542 -125718
-29325 -72221
-98020 -135153
75428 -17345
55988 20219
80324 -57381
134978 43376
74811 94450
123027 128003
119845 -29304
-109087 -8697
-55219 23813
-120242 -97911
76680 59223
34620 -104398
-111894 49847
-125994 66536
-22829 70561
-7558 -18971
70215 86058
6610 -96394
-1525 111089
-18857 83688
-135265 -12873
-90022 34036
-83075 71346
-23042 -61307
22026 113720
-88168 5011
-81245 58206
78232 95720
-136044 68654
-45895 -23729
-91215 -33137
-91499 82554
-111499 -11920
-25972 16750
-110947 -18142
117783 -2358
91779 99851
-122808 -78046
-40466 39764
-79265 122771
-23249 -123540
12736 -40751
112475 -49607
98095 88451
-76101 -106026
-103725 -129675
-38427 -78086
-47569 -47552
-116619 40526
103104 -3085
-17670 32262
-93683 27199
-84263 100413
16397 -96508
-13987 -63542
-26542 74254
91737 134975
43074 114846
11297 88636
114082 -56217
35992 106008
-119534 -17768
77375 -107336
-81771 -97259
75449 67153
88562 -44557
-69645 -31693
-84736 -72666
80021 -89280
66555 -51894
78386 -64425
-16843 48904
-80002 62244
-127139 -33362
-52886 -128207
21562 -108056
23686 -1340
45548 51716
20244 -11525
-15035 132391
-51097 -80352
-104523 -33396
-49048 17027
