69
-5542 111224
-33082 -79387
-115609 -83331
105420 -57911
-53943 45847
-5197 -42446
114407 50200
-18086 8956
-102692 72841
-94641 -4638
33328 61969
19539 -36793
-44442 -47157
81762 -15982
-51710 40416
91576 34223
-112966 -90431
36798 -69577
-11635 83814
-114211 -107313
38472 52414
12175 24188
53181 -71275
97764 77113
112028 -104418
113822 -72907
-10366 -26495
111745 62880
-105424 -20190
-81324 8001
-114444 -93586
53375 -28143
-106441 -61368
32722 37874
-110315 -32465
-70603 100705
-25890 98339
-73910 -1855
116595 97051
-25995 -111777
116784 47845
78288 58267
42156 116324
112344 100821
100618 -20442
-72264 87467
106611 -52603
70214 9548
91714 42350
-38800 62784
58516 -110940
83102 -47884
108051 28275
-28261 -27622
11868 37161
101897 74688
88419 -49096
-28006 -84350
-80307 -92163
30761 -106591
96453 17213
14025 10458
-71410 39913
-30391 -9097
-248 -66343
-106057 44124
62702 -59759
-73958 -91267
293 -25916
