92
-118222 106156
-22624 -115412
41446 132405
-26915 65814
118739 130454
135533 -24815
-16542 -53535
11574 -128180
-117700 116988
-134680 -15286
-10253 10483
-12508 -11119
-124697 117757
-40773 5232
30961 -127449
106747 -32262
-66994 -98963
-17953 -41641
-90471 -57640
-112081 -66707
-20886 72937
-73893 -12752
-6719 -28565
-131227 -9741
125347 51807
30002 -66922
87137 -3959
-118523 -78049
78232 12366
8302 -35372
-75142 76987
-8687 110529
7304 -113312
47630 -32324
-8875 -16278
-27972 -106669
64891 -88855
-103758 101363
-79360 117796
121889 -109015
-47834 79207
-130285 80091
-55101 -70847
45691 38710
-125569 -12908
-118387 129151
37135 -71885
-63574 124427
-54492 -80514
130138 -132892
124618 64054
-125686 -28748
-93552 -4454
-3461 81036
124373 -104912
66288 -87707
-67390 -24969
-44653 45765
19531 128669
-2612 -107414
78394 87198
1890 21733
-122266 -77764
127156 31061
127429 -29657
-13460 130582
116712 -64360
52210 31691
-50154 1942
-68699 99719
-102603 -45410
-22389 19803
80911 -101092
83528 -55095
-35280 26846
72756 61449
110355 -69294
35141 -131630
-25166 48285
71894 -5515
112963 -70596
26923 -3705
18802 83749
77148 -15476
8835 -132820
-82840 53305
48909 -95491
76635 38162
-91250 2399
93949 -80169
73878 -123609
-119912 -38924
