52
16858 79487
61716 80777
-32779 88239
9022 -42692
31326 28829
5983 -23435
-74604 -32294
49008 70850
-66223 -44705
876 34096
97007 8499
6335 100489
15310 79868
-22073 -33229
38952 14330
30628 -76558
787 2025
43559 27536
-18830 -20100
-53104 7717
19927 -59751
31466 -13539
-67230 31000
-48311 -48660
-88557 -33260
-55416 -35083
72087 -1293
39261 -79318
-75116 -64353
-10049 58108
40121 -7411
-91825 59436
86880 -32256
81882 -41587
30025 -39086
-41967 -43746
30815 -36435
-10509 -93944
59789 -29212
-2373 13918
-2324 -16990
19170 54488
27916 -11632
-33624 32990
48691 -89842
81633 -42319
15745 25326
44425 98983
-45385 5223
-14375 -77204
63217 -63840
58179 -88279
