80
-105566 -42230
35331 35570
-11156 -94084
-111454 -114072
-58339 81497
-87432 23038
-115862 -19656
-36629 -79023
91538 -56401
-19780 -69695
6300 42321
-125655 -110155
-60569 -50961
67486 35076
8803 -120231
781 -27533
59460 42510
111684 58345
52940 18957
-63628 -98929
-81608 -96443
-64856 -67046
94289 -118301
17107 69691
121101 -16961
-70512 76987
-64089 117889
-69363 -104708
-13846 -64312
77263 -45258
110967 80485
108106 116531
-67259 121468
26643 12629
95757 -118202
-32968 -52613
84168 -33303
-111631 -50738
-102901 90924
-20664 -27819
38531 12692
65316 83557
104184 125399
43830 -91336
118204 78618
93054 -33338
-121048 124036
-86823 -66118
24425 99500
83353 -61643
106574 -20999
-7286 -120236
-99962 -95064
-84169 -33077
71731 -73336
-4004 97056
-91535 4848
-28430 34214
-10245 -108075
72018 51940
5270 -74224
-103467 -30769
78499 -74292
-97430 56524
76573 103955
-24875 80401
-79744 -115094
101927 95347
-44722 123093
-125108 -23798
-76285 62811
60229 56880
52347 33953
7823 84
26552 63973
41747 -43381
-115101 23752
-80227 90090
-73678 -17291
117554 42012
