48
14729 96845
81465 -19562
43466 85502
27688 24060
-47185 19651
-63998 60396
84133 87232
-89134 -42841
-24011 -71356
-11071 -86697
-77929 -69895
6710 26535
-8348 71495
-5966 16010
-43692 76761
-13115 -36065
24463 9428
24287 -24727
-95889 -82023
-27980 -50144
65953 -17390
5368 -39631
-48411 -91099
79509 -88407
11544 31114
79130 -37595
18631 -32878
62954 -39579
895 95881
75230 -89992
78899 -73139
-95664 4978
84565 -11308
-71679 97116
-24019 64104
12914 62432
-40734 -15190
-80406 8084
24284 6893
25873 -39789
-39198 -4402
-21282 35364
19698 -72599
-72663 -56673
-74389 50295
83751 24729
35022 -80402
47209 -21532
