95
-100004 7385
-109421 136637
-113963 -66694
799 -107906
-3320 106265
86258 43722
74961 111404
-27769 -40226
6107 25832
-2111 -79877
-102444 -7881
58570 123112
49554 -25491
41612 -15348
38598 -35731
10613 -8699
45076 56156
97733 22735
-58175 33633
50592 -130991
-43332 95969
126168 113885
5974 12831
-14168 -123981
-15549 -58253
-90381 127953
-133374 94671
-81487 -114063
-20850 104975
-58330 78048
-68702 74037
-17305 129690
-82358 133656
34513 -134039
-128191 108449
75975 -96088
130467 -120971
93799 -28211
125759 -88761
-128374 80355
-130538 80765
-100993 -5243
-58026 -69815
78351 -28222
-42115 -110705
65543 -20540
39790 137468
-129750 91781
-59624 48053
131189 29494
40992 -10411
114351 -113161
33807 111030
26656 82473
-114402 -132225
-131337 -74913
-83185 62244
-127660 44577
-45069 115164
89899 119460
-51502 135751
104184 123250
-68919 15866
44716 104698
56012 74776
19217 10922
3725 32711
-131970 70525
-118228 -27534
-123410 45433
117049 -2819
134504 -64290
-80537 1549
114160 -39496
-6353 75025
-47221 39831
-130011 118062
132405 -50209
-42477 -115171
-85796 -66219
-78070 105336
91228 -44995
-24224 126948
-76734 -27826
68071 -71075
75897 105264
-42752 -127473
49427 -68398
-93384 -37251
-81529 -117284
15751 -37750
89638 70531
135951 -129738
-104608 75710
-108390 -120065
