84
2259 106111
-127906 43023
96382 -84838
-67086 18148
-103598 16243
17368 41115
75883 -55871
15478 -74849
-4539 -52183
-53023 65270
89632 64553
-34867 124912
-40970 -22260
84117 56692
111103 -43471
-125796 33992
14006 6149
-100919 -32084
127350 28988
71493 48626
79614 80668
18173 -109578
67305 -123233
-51071 7920
128196 -25137
49688 -45626
860 -26428
67576 -103395
-68170 -121543
-20256 113370
-567 -5778
-86425 -34692
99276 97942
87192 110592
73669 -55799
68707 63384
83573 60969
55099 27403
-13736 28472
109895 19211
33407 -55862
-56675 108037
35715 8794
-96798 123668
-115393 -116974
51989 76389
-67484 -11009
114923 77225
-85134 10566
-125623 -90502
52931 -53026
19959 -77466
14858 -102392
102849 -50526
-119259 -50350
48679 59570
-112825 -35993
-110516 -33420
-86037 51027
8005 27518
127753 62708
128373 106957
-54485 -107745
125636 94416
-112902 16008
14384 -10824
92860 101180
123848 21638
-101537 -121207
72167 125953
44085 -74715
87108 -10763
103559 94219
-114670 72426
-55944 9078
120245 101820
-27336 -103518
6879 -511
120213 102945
16613 -35586
-70450 -75040
-15354 -121227
-112594 31171
-54190 100776
