65
-97557 22784
73616 -1438
2394 76076
-34934 -40751
105689 -32421
24403 -3680
109256 -38838
-61680 -95927
-11569 102576
-81534 -88692
29537 26490
-98432 93808
44030 417
-2681 -54547
10017 102595
94742 71020
-91064 112917
91761 -48312
61737 99424
32515 14318
-94165 100660
-109566 -93775
-73784 106461
-95357 86226
-63738 106609
-52350 -99067
-762 -61301
-26340 13508
296 71218
-85380 14453
48766 98503
98384 -109663
64764 -1464
53485 -10953
-48788 -11041
-56498 111491
29112 -110435
-4803 17888
98392 -21577
-46240 93318
-16460 45688
-89550 82501
26139 -6189
-40225 29463
4579 -94298
52548 -47602
-90115 -2515
-89417 110318
-98592 -83232
75893 -22599
-42899 -80432
51707 17603
-35531 -92103
-40378 -48805
-20308 -23222
-27466 90871
4300 -25467
67275 -93533
-23192 -109630
-38633 -91783
-101602 -44797
-10400 71376
58824 -13883
19253 -92424
587 86637
