54
-45864 43719
-90414 16929
-101465 -34884
-57763 -89381
-30684 -82914
-46976 6687
-16985 41841
-20497 -101699
9031 -30
34621 54532
26276 77580
42185 35940
4941 90993
-58456 32360
-8154 2651
82176 9941
9092 -57346
-96364 -85367
-39593 30408
10778 -15682
33524 -6990
-27932 45214
95123 -71685
16793 42403
-62796 3688
-9722 -42429
-85907 43764
55398 84139
69884 -47792
-27680 18677
6708 -58854
64244 4131
-60385 -58631
-49489 -89893
11342 -46563
247 10246
71352 -68014
-46801 87304
-63612 -63167
-67340 -25973
62606 37986
50886 28002
-50669 -41391
50665 68240
53586 70729
-68213 -89951
-83815 -78989
-36632 41970
-47532 -60943
-94458 -95322
38174 73688
5500 42373
99773 53639
97518 -56965
