58
-25412 3506
-7014 66757
-107695 91774
-30801 -25344
-36527 -33308
-26964 -24285
-27418 5886
48130 30997
5445 71303
-15060 90320
-51698 -96714
28033 -14443
-84347 -101970
-26298 41993
85742 -98106
76953 92506
78954 -22441
74345 15244
58510 97168
25229 77778
65420 82176
-77148 -57340
40893 -75974
87612 -98254
11984 -39416
-94337 -94694
60355 52846
-19055 -33013
-46573 95315
-73077 41947
33991 2006
24675 31276
31506 1690
59529 -9100
10394 -55121
-71698 -77963
-72812 102310
64065 -77693
23579 71643
107696 22061
96195 66390
-78621 -68511
21128 69290
-7865 1529
-82015 -40999
6413 -25526
24790 -90302
-53841 -62226
79077 -100874
17463 -36306
64946 4132
69392 -14
41182 105176
-4466 -46776
54446 25138
3962 42000
-65694 -17111
74472 32575
