88
115568 10873
-17242 132237
-23458 49356
63000 -122320
-129787 -77566
-17234 94061
99745 98148
85275 66838
13169 -23075
125550 60469
17728 -87166
-79285 70776
-119213 -3832
-66143 111751
63244 51394
-81683 84098
-123356 86956
117397 -10065
-22789 64792
-99184 -131703
24274 -85943
78873 -28546
-43946 -94053
49843 65166
-96221 124414
85419 71811
47172 -113959
-49260 76629
-40492 52356
36285 59914
77386 -121643
126584 120200
-29514 -116367
-92688 -62466
76287 40583
-63094 -40285
49156 26832
-73756 73175
-51825 86406
-51933 -55799
-29409 -28900
75179 -7392
33975 9240
24009 -91659
41649 115104
77518 68961
126885 70548
18158 -114328
100180 -80107
-20058 103808
-118608 65655
29818 86974
8409 -60273
48901 -70749
62280 35319
-44063 91161
78534 131130
114550 18083
-96222 123012
53603 -111383
100965 24001
-62893 -63187
94897 -42660
-93827 79181
-58066 93272
-120116 -91625
-45034 108343
94568 106466
-59011 40013
61278 -76932
-7462 -38162
-71779 92759
-94731 15794
-63134 -7985
97706 73741
-3899 -112561
-83267 20062
100916 9912
53145 -13981
51524 -79458
6350 79480
106041 17031
-20576 -120066
-9941 95571
107466 -106016
-100365 35074
72247 2415
-48872 -67871
