46
-95775 -72510
-54670 67411
-61216 -24854
86169 42623
93958 -16379
-54667 39201
44924 -85455
-94900 93193
8374 77735
41436 -87145
19194 74915
-62312 -89053
30920 40017
-16193 -50451
43159 -83282
-81768 86957
34275 34325
42048 91843
43718 57087
-41948 22464
-76257 33081
10249 -93214
-10990 -22747
-32053 44303
-44480 63563
-70312 11694
90751 34213
-46364 -70417
59434 -48192
12714 -28476
-64590 26216
39433 30682
95472 4626
-56334 58784
75785 62546
-81019 88956
7462 -54424
59023 -59012
-12942 -78275
-82896 94340
15461 50447
-53924 77160
-49775 -10007
34118 -91741
44109 94599
32796 70803
