100
34040 -65679
-72871 64842
89884 2424
-96347 11502
103510 -99303
56000 -24388
59626 97629
140842 -75356
115497 -138237
28559 -113040
-93983 129431
-72010 87509
-32985 -66625
126548 -120158
136272 -34094
8763 -61465
-109238 -80046
-65108 -34414
26512 -132790
-109558 101535
-118020 -122340
77233 -78216
-7627 -72983
59602 51892
126220 83589
40766 -72746
130895 -71181
-130502 70372
3761 -27513
99827 -104999
-21588 109522
12178 -76467
47265 -62532
-132992 43035
-40273 50920
56314 -104350
-135762 -22787
89859 82876
-61623 19788
30666 -128478
95779 79707
-134824 96691
-26473 24535
-64486 -121295
-139050 -96926
-51749 -39976
79739 -68375
-135217 -86528
29444 -43611
-45697 9811
80025 17040
-121742 60977
70644 -61650
-61314 79742
-94136 130354
74114 -92218
26405 -123809
122013 81557
105002 -28741
-32516 96771
-26334 -125233
117791 94035
-43725 1878
-13381 -37587
3880 452
127221 98385
-115214 50297
141393 5084
-16612 111460
-48946 87237
16873 -959
133803 126314
-8378 113810
-1668 65820
21451 -125530
66784 68005
-133811 80159
-50936 98534
106979 129454
-75845 61600
-128580 118765
-11803 -44568
82164 90867
22278 -18655
110446 -82493
-16132 -51202
2128 122973
-118079 131851
-5508 -124003
-19464 18695
-91348 12371
134900 9688
-40827 79362
-29914 -51980
-38820 67918
57417 21929
-34712 136547
17066 -87090
-25470 136166
56311 -78334
