92
95707 49752
46712 45087
-74213 -86768
87576 98679
-25578 91110
-47514 101683
94374 -19400
-33634 -83777
19921 2468
1288 89104
112851 -41125
-69652 -20273
105511 88941
2298 -53201
88235 59302
130736 -54017
-19525 71486
-33777 15131
-59391 88453
-744 125997
-17960 -130914
96235 50994
-126031 -67484
-89336 115575
-85636 -42060
117996 86005
106503 -16971
-19145 99672
-95457 -105040
36485 10750
-18018 129035
91988 -36586
-82936 -71955
56854 119733
-8142 109394
-103625 53945
-101437 -54233
63896 117058
-9198 -79477
-71055 86318
2420 87185
93984 -63486
83079 129630
-81887 32055
-76894 134585
42077 -41318
-4742 53900
-32037 -37535
-16313 61710
-93257 -16053
84423 3850
-75599 -10234
-101775 -64084
-53251 -55642
-49748 -72580
-50743 -111104
-33573 -3290
-33744 68280
61305 129971
23319 -12345
-17180 -124340
-17947 48627
19975 -66266
-124369 86749
92447 27162
-126929 23548
-39565 -3229
-6724 -134399
108420 -45472
-2936 -130050
30891 -108663
20406 -111780
51786 26924
-8453 -86699
62624 52183
-83994 65798
28880 -112625
-76055 93166
39319 133673
-2912 86698
95630 8775
19137 -6094
-83176 -35110
114087 -115358
91236 70837
-129360 62782
67925 -12523
12438 -90640
100769 94193
114551 128492
-35577 -110654
33499 -49860
