40
30731 58926
-1604 -10416
-31155 19700
-5283 -72741
26314 29142
74655 -44348
-16295 14981
67463 54590
-28945 -30259
66641 -63587
61318 31215
64640 -57973
-61237 -14875
6798 28026
42184 2919
34245 -58720
-53437 -1121
-45952 -30264
-79052 -6693
13926 -33360
574 69268
2717 48600
-50009 76535
-30739 -30626
55125 32095
-15585 -62336
6580 -54893
31757 -81966
48755 2309
80848 44775
-75558 -46515
-27292 -17333
-81196 -71062
83070 7114
-27595 -12062
-1561 -73233
-19207 83196
-47560 -32235
-77282 -51398
31633 78993
