80
21887 -31891
97200 20360
15132 110879
-90060 -5456
64574 -503
-33204 29996
-64112 -88062
-13981 28976
-9417 -79474
82160 39921
95705 -118687
-122739 -76242
-2555 53932
-98249 123409
125591 51809
-334 44878
-105965 72993
68587 -97273
-65308 -59427
11513 -70760
2071 43779
-20470 56192
-22323 74576
59174 -21882
-107357 31177
-50375 -76043
81427 -109606
123444 21383
-61132 -103010
-20593 -85018
-70483 102389
93775 -113574
-61336 100620
87089 51411
-104273 2237
17661 117006
-20150 771
9079 -18656
-123946 -73596
924 -94477
-34988 -1964
-64953 -101750
120407 73784
-122307 7535
20164 -864
72635 77838
18894 95603
-32938 99674
-101306 95123
9375 -71084
-46685 47132
100506 84150
17812 2027
124719 -5975
100783 86088
63261 -99913
101579 42202
-31139 -6797
32545 78979
66971 -22967
-99737 23341
72562 -106495
58919 -93002
-25746 -31268
124714 -102210
-109513 -53070
17816 -31180
95565 -86295
-99045 53243
2038 35522
-81377 19777
-32551 -85983
88867 -17072
29817 19185
115640 108174
-110232 -27785
108324 34171
-99188 80008
-41970 -78403
51238 -85394
