41
68810 -27271
40603 17151
65022 3358
-70487 11757
21242 -56530
-72499 10498
-64297 -10101
25124 16359
-90148 -53610
-26560 29832
74760 25597
28930 32779
-40806 -70107
-75136 22031
-31692 19531
80450 -54333
67851 81
-26042 24648
67994 80541
63920 -65637
64583 -20021
-29213 -55777
-6977 -34705
47865 39913
-24555 18610
54751 -80667
-59509 15982
76665 23445
-85543 -85764
15172 -4424
11328 82101
-4088 -5946
86149 -18527
14854 20077
73738 -54016
10065 11083
-41635 -33593
-23421 16415
24646 -16767
-76135 -16707
71899 -59305
