55
-51781 78523
81689 41840
18918 1483
1154 -45671
98444 10471
2505 -33034
-98675 38741
-60016 48554
-37898 7221
75535 78487
-70315 100255
-73574 -59118
5611 -83459
96493 -38794
62648 58272
30379 38030
-66416 101591
-24536 -49829
-76468 18492
73033 6900
-66604 46658
2638 7791
92047 -100377
-95474 32081
-78792 -101077
82687 25792
11660 -79740
98892 23850
-81673 67571
94083 60944
-14878 73840
-67450 39686
43050 -95584
2140 19362
39101 -11116
29786 -32590
69254 23695
66529 47198
84562 -70939
-26413 -30974
-82442 3829
-47428 -10116
-10288 77735
65213 -12281
55392 -94642
69208 -69927
63118 53523
36415 -6359
-13425 -77529
-66391 -41525
-74403 79647
23919 -5958
-98044 24419
21293 -90077
13762 47031
