53
82441 28352
-74815 42204
-48914 -67305
-65148 20191
-86861 70145
-94031 30725
57419 8310
17589 -87400
-76427 26059
-15712 68254
-1602 26144
6942 -77818
-81661 89607
-7215 1548
-69800 -88158
34569 53079
31611 1232
-94622 -16966
-91850 -91955
-47399 -72713
-75533 62498
4194 75472
55136 50973
-15151 -78436
76603 81365
8646 -94242
46290 -80505
-97144 -42636
-91213 -72151
99352 -84891
-40301 43747
94171 39912
-36909 -80392
-38638 -101648
49853 -91082
-3575 2528
89858 34789
1422 -50492
-50939 -87830
-89176 18631
-55243 37381
50414 -84547
-23491 43742
84373 55037
-69917 44115
7191 39764
69885 -28254
35346 -37884
65817 41079
-39285 9964
-46058 19086
-65531 71209
-88534 -39704
