66
-43041 35408
107890 -13318
-38704 20071
-86553 33686
-49645 -66597
97406 -36497
29969 -45631
-13741 -11821
43453 13964
-104486 87291
2900 71299
84082 65185
-85952 47036
61683 -85753
17136 99827
-114796 -12882
105624 77686
46523 3448
-41126 103682
4831 -14743
37649 95407
-8177 111241
-95164 -93939
-110362 76919
108099 15886
-113724 -108304
-114757 -82759
111279 100751
97252 -6759
-85420 -4413
-95725 112474
24755 108017
11410 36599
84548 -16286
7383 -63994
96876 -59466
-93546 -87213
-81805 68184
-36842 -23606
13585 4076
-61422 -90685
48092 -43282
103876 16052
-91633 -98337
113832 91953
31373 41400
-24771 57223
-42194 -37784
33807 -6422
-37532 5055
-15764 70363
-49875 5545
-63204 50469
-39531 74469
-9823 25156
71804 -25994
14029 -30631
101052 80403
-66747 89559
45883 48568
-50301 53601
33813 53422
-15185 -43883
-88320 -114463
-110077 53654
-28179 -15971
