81
-100790 37175
44110 124804
-79756 -20403
77963 98900
43946 -43168
-74179 85067
-120404 -46863
-123064 -110515
-69538 -86327
58688 15230
77813 -38109
-82434 -56510
88869 -49188
-87208 -117032
-48444 -62244
-101442 -40857
-64156 88063
-30833 -59628
63806 -38205
18975 -81429
-97954 48664
118165 -32943
42875 -42609
-115761 -82941
-98862 -118110
-63274 -89622
37261 -59369
-71986 77324
29936 7090
-119602 108849
-11753 -45830
-38294 50799
-120324 -53159
-88772 87239
-67048 7267
-48268 -115634
42805 35159
34801 -74525
-15418 -44919
49718 -40305
57854 2210
-45005 1228
-57321 -31340
-73157 -30484
70567 7065
94834 -102432
15117 -73263
-36316 -68882
118436 20607
-121121 -122978
-25286 1617
59297 19255
-95632 44850
10977 70015
-116350 -101484
-59506 32798
30478 69675
88420 -126170
114460 -79561
-26171 84786
-94679 -23392
114189 103939
-93394 113652
116011 -32218
-91003 33939
-83717 -29335
-96841 9975
-45868 -65667
-73747 -69266
86512 110234
-82010 63004
110992 83402
116235 72423
-53013 114065
55476 -61559
-14068 -82191
-84792 -68141
63789 -111181
27651 -109926
20665 122331
81972 -59478
