77
-20762 17081
46089 -95836
-17056 -88396
-50449 1337
122915 72527
56526 93567
-37368 49835
-110534 -84985
48045 -7214
12710 -33185
-100595 42972
112563 -74305
-118044 56284
105864 18693
-1475 62840
87622 -11067
103310 111576
-23812 -116802
-96711 17871
-68924 -87276
-123464 -26345
-51128 -29292
-54774 7887
107645 -107404
-63757 67935
-60118 121255
103860 -66065
-2968 -121148
-49243 -112272
117031 44273
-98571 -116696
41863 68348
-118097 65017
76634 114369
-45748 86048
-45604 -4167
50150 67940
70064 -87596
116259 -3409
10250 -21456
-109101 -95089
-9246 14318
-89771 24296
-119211 85563
-1828 -69645
102974 85952
24873 48932
95157 21701
-36839 96005
78151 20594
78737 64792
-50647 -42822
-65590 16447
-111119 -40860
1121 -48109
19350 72322
-36590 -32077
-52222 28077
17251 34506
-1313 -73205
101162 -55760
-111414 85928
105919 68703
101290 104470
-78807 -61919
-110068 -37957
-119591 -80836
-8111 -20191
93988 16746
-92823 -65433
-48263 -49121
-100477 41753
80999 56074
-51132 92739
25638 -15185
-58509 -30345
-75721 109074
