40
76045 41389
-15197 52445
-535 67224
3556 -50654
-11376 -34067
-72169 57317
-68093 -32211
-23905 9388
83261 -36453
-23506 49958
58314 13982
35182 -55499
-31457 -54684
18140 36469
-75765 -35395
-72932 85797
-56540 -44453
76118 72613
-13760 -66938
-46951 -17868
-76334 56742
-14057 39831
-46804 82081
-42232 8413
16660 22368
527 24401
-36098 -51525
66209 -68205
-71009 3570
-32011 2493
23755 -47861
20387 7052
58997 -46164
87439 -86447
46302 -70648
80219 28607
-48993 -71696
-14463 26612
21557 -88786
12670 11870
