84
-56578 -15026
23147 -20161
28232 9143
-71749 67504
-80791 123939
-5277 115624
-83612 38207
44678 96953
45840 -96769
-95406 -7129
-22764 -65441
83812 44283
-25324 99921
70452 64766
39740 -103012
-71659 46320
-86153 -27328
-50837 41628
-38883 -112766
-15455 71179
11480 -20601
97245 -60259
-115425 30699
54219 -73730
-90375 39728
109432 -14022
57772 115476
66564 121114
19566 79319
-30608 42166
-51548 14658
-33046 4880
50996 121487
115989 114831
-127100 -96245
17488 110459
-55898 11495
99539 22767
75580 -114298
81527 75705
-82678 35654
103795 46293
-4789 -108330
34263 21718
128761 93125
47606 78162
-79540 -43837
5904 -17560
-44050 73393
67847 92359
-6647 14745
85076 40202
33943 6774
-109406 78906
122591 -58089
-15644 -84385
78215 -95392
35585 -95689
-126356 20932
-95296 50487
-118344 12341
71448 27479
-55217 32747
13955 -30744
-41697 -20593
49771 62448
-110259 -1415
36986 9395
-101002 39328
66482 117224
55339 83014
-85769 -50476
88747 22349
107872 99704
39 -48511
-91566 -93088
2342 -81880
-455 -63407
-58694 -77043
105130 1692
54765 95444
-120253 -114318
77210 125588
-25696 115236
