64
15255 -112470
-1266 52729
-106956 94739
91210 43296
-108464 47144
-90777 2296
72384 -84469
-78215 -89738
5752 -92762
22679 101447
13495 8201
-38421 28437
76093 95772
55103 -80685
-11425 -90564
107532 -76206
40726 107864
91819 94264
-17522 -34343
-40780 62336
33325 26078
22452 101941
60558 -38167
-25198 70372
-78919 78920
109689 69078
62650 103520
-26315 -14243
-79061 -2807
53384 -48831
27837 50020
34588 -64196
-55776 69656
99900 41726
-79241 -75506
103076 79003
80795 8039
25783 -32965
21031 109973
103931 -104992
20680 90841
-74766 45715
-29378 -69013
-77561 -76045
-28411 48035
21944 27869
-51041 -36398
53845 -101923
51971 -74337
103562 29916
-25000 -76632
-46901 78036
64185 4117
-35782 40798
59067 -103105
-14064 21321
-81435 -34957
-84107 -43626
-104446 92628
95963 55417
24364 9299
83568 58936
98702 -10430
82518 85018
