86
883 59986
-42413 -56666
-117118 -27876
27946 -61181
-10966 68603
85340 45376
14381 -89587
115980 -24442
1810 39391
83393 52030
-129141 -68904
-31325 14832
41543 80873
-107269 -90671
27375 28339
14345 17
127312 4802
-127369 -90645
121460 115549
10778 50223
-82758 -118522
-52084 1950
-2680 -62036
-44122 -4345
-60070 72735
32393 21359
-112766 -67218
77969 -12980
-105189 -33507
46026 77594
118355 -106937
-106341 -117588
6003 -123290
89053 78027
119097 -91010
113209 117577
116525 85986
78729 -22848
123919 119453
34608 -45043
125470 -26713
-85539 -107507
53043 -20090
-25144 32422
-30973 27854
12867 -84642
-113674 114359
37675 27365
-27632 -7471
93261 -94156
-115925 3637
-50134 -98787
95542 32339
-4436 113154
114134 58206
119193 86080
-75635 73481
-63303 -78102
68237 -119011
33772 -79453
6687 -37712
-12183 99677
39893 61962
-69863 34139
-109430 6433
-59273 -97626
-127976 -90130
116724 70735
-112985 -24148
-42443 -98998
-88656 126217
82795 66050
112616 -60846
42242 -58035
49796 50875
99356 -107560
-123879 -5264
-48110 20940
-82304 -122085
26195 -33710
78305 -70025
39581 57886
-60340 45744
32345 -2635
90550 45108
-11517 28563
