83
57012 -112780
58090 -19832
-16125 -18766
-80796 74487
46754 -31146
-35895 -3795
97417 -53962
62803 -125962
27470 16311
-5352 126777
-103494 -73115
118937 4925
68661 55438
-20950 -44865
111654 -42996
-60867 120939
-112685 32596
-22593 60321
51243 -3642
75817 -1588
-76800 49675
-115530 7949
-100160 -37415
111307 -37731
-88253 -43831
1686 19164
127489 -70030
126502 -125743
-47124 -48051
-87602 -38006
78012 63863
-39623 -90797
-57208 90494
-98101 -39903
94089 48978
38671 -39158
23740 113679
-118506 124605
-73443 103710
58090 120424
-23509 -81781
127263 71510
-14426 116700
-104453 -30623
842 -13076
25355 -83681
95803 -57361
-81978 -23280
-46989 84236
1633 70894
-63700 -7235
57618 -115313
-108186 32120
-83557 -49763
-47516 -105628
27613 76651
-40211 -65493
55626 -47325
60147 114185
-4722 -115799
-13127 83729
-47229 -78108
100170 22241
128793 -28327
-101670 -76844
103404 -47342
-101071 -66965
77560 -123609
-122395 -115125
-75540 -25203
63049 76189
37291 29025
-66852 58905
48546 -126151
-51301 1292
-76181 6119
10459 -120172
-115870 -20005
93707 -51599
62740 109636
-99146 -91075
-44925 58430
47511 -64107
