40
42853 -3575
33492 -39255
-57961 -28722
-34124 66477
51554 18635
28187 83484
56684 74448
86953 8743
-86260 13233
25471 -5949
9985 85181
-46981 69902
-71973 -39411
-45777 86323
-20103 28097
30285 -85249
-36564 -61377
-28409 32328
14890 47439
-1279 -49661
-8015 -18248
8 -39010
-48331 -81161
-38989 62811
58310 25453
-66882 5038
37666 58165
-78840 -25891
73582 -57325
32333 66298
44554 -64786
-72023 -11696
-20493 37315
-7147 59271
-1066 -29228
-18444 -68612
-71060 -85146
2842 -85673
-34613 -87451
83088 19437
