56
-61354 4184
-98976 77215
55162 -95560
-22558 -48898
-105001 54541
-47469 -104276
-11659 29337
-100862 49881
-101982 -10203
-92596 10134
-96016 36653
-103082 -93900
-24206 55801
-27056 82109
39730 82686
-71676 73782
90600 -31231
55933 -75249
17374 66894
77988 -51490
21536 -52342
66805 -61859
-86854 20422
-67104 -69164
-39919 -72297
-35814 -104607
-88746 23381
-51048 -8824
-86945 -38952
-7850 -47130
72968 72875
21057 -86569
-90710 77965
56886 -60272
-9501 -45500
1131 -79791
-8317 10269
-92529 -49565
-38517 -90461
103631 -9403
-63618 41840
99762 28080
57030 -25263
94638 -70148
39964 -96066
68339 -35085
-10212 99729
51322 -67033
-88129 97772
-15942 -77387
-79138 41278
-12321 43131
83697 -17679
-83172 -37135
89023 -58395
-12966 98029
