40
53589 57499
-62466 -26900
-52422 -10570
-134 11172
67317 -32915
-88355 -31910
74214 -69213
-79149 46478
15537 -38623
66821 -72517
53595 85915
31006 -66885
-24976 42072
-5514 -85933
84463 -40184
-59594 2504
30379 -87311
-47407 -24784
29175 88187
-47527 -14595
-86831 -51135
-85242 -35192
-69048 -83297
65855 48445
-26511 -27375
-39232 88035
75571 -78139
23456 -43493
-37368 49304
-13027 22782
-67429 65668
-5995 -86810
-39589 -67156
-80702 79186
-25333 75847
-4177 -20994
-18765 88911
16384 46469
-81989 57718
-3332 83977
