70
-84258 -93235
-4106 -80634
-19666 -63159
-109967 77059
104663 -42919
-112801 -55124
8186 -82433
43351 107508
-22211 -14122
62478 -36016
107200 94915
-48478 -18571
10068 -96246
-65420 110674
-96747 80170
81203 108149
-113716 -10839
-92861 80844
-65298 9035
48970 102519
-87275 -44195
69293 -67324
43054 96297
32133 -6944
44728 -109363
-88804 23852
-56284 -72209
-51345 -71680
108928 70463
103749 35869
-80696 17389
-22141 -36588
109803 -13299
-24749 992
92145 83597
-94695 -18151
-94778 -16110
-90030 97453
18428 -76086
-53344 -57333
-58104 6986
93280 -106648
-117574 22276
16088 -47098
75859 26166
85969 98860
79577 -11327
-46935 -36379
-71213 -85280
106167 34440
-99966 -29967
-27637 43444
-93669 -25077
-44700 67500
60335 7370
-50545 -115441
67803 117095
81553 -20303
11419 662
-90069 109653
-2403 -114392
69778 69439
116950 18226
50432 8439
14559 3291
-78711 -109082
-29182 -52332
80531 64071
47310 86725
-62760 53514
