42
-1767 58175
19947 -1516
8917 -18253
61879 -66437
70899 18958
60854 23068
-83465 -42323
75180 38753
57314 -68683
-16205 -5506
2461 51151
-80173 -13900
11288 -12115
-45129 -39946
-7058 80228
6413 60924
48732 -86897
29861 -19305
-78507 -90197
21956 -38641
74126 64540
-75838 65058
86147 22292
50232 49344
-43910 -68917
-28522 83316
-41830 -27117
60561 -25988
83734 -55297
-29957 -36791
-56777 44093
87901 -62818
-13341 58688
29681 65146
2222 -15121
41023 -65868
21669 -28516
47655 -14883
-10261 -16618
-6040 -84049
-70141 -21262
-80986 -9438
