66
48775 -42543
-63890 -523
-103588 85798
59364 -32448
10218 -4069
-100404 34544
32975 81973
50424 86974
-6154 56775
76825 106611
46218 -16541
100995 16143
28510 -100258
-51762 -12364
2466 -37609
-111050 -37905
37799 -93619
-4134 91639
93086 86239
72828 61455
-60358 66037
-31400 38471
96530 -19125
78796 35762
85367 -19954
-18826 -51500
50071 -42745
-68778 -738
13786 -22801
74309 100032
-88793 -72188
-38203 -82093
-31987 -92121
46815 -82354
-77434 47985
67112 -101834
111226 -93730
-112053 47897
60415 37803
54477 -98419
29323 103975
96451 -35327
21444 -84474
87240 -57486
76225 59716
-94763 -56864
-75078 -103248
80575 -52899
-30129 -59275
-60980 18604
-70149 -114349
-102314 -19038
30830 -83810
-75346 27494
-66470 -24389
31748 60882
87504 -83803
-93100 -61171
65119 74399
49701 86416
-85358 -114362
-83894 66341
-92933 -101680
-30661 53974
-32801 105224
110585 -107491
