51
-33044 5582
91080 -58504
64401 88748
-2409 -48422
98417 -86632
91334 39368
32355 -89530
92239 95167
-96218 -91553
79993 88744
89457 7202
91949 -52413
93135 97343
91604 65536
-54968 35950
-40964 -61221
-51875 99120
-38059 -88224
13204 -91031
-84723 -74838
-52156 -79690
26960 -20068
-95689 31208
-40510 -49100
81407 -66565
76717 20022
12492 -16876
-16819 -44465
96096 -82690
-79576 51929
-14173 -49649
-61987 -56079
37332 80354
52155 -86348
26010 50688
-28273 -8781
68560 36319
27421 -8349
44379 -29041
-7143 -50833
-61164 7070
-43314 33789
-81321 -92531
-78441 -33166
333 51921
65598 76225
76146 -93769
-90776 38356
-23642 -16796
-52111 72439
96260 32630
