80
-9150 -78795
-31329 -12776
-122077 -74772
-35271 100591
62647 -51739
-84783 -77787
119842 -104073
-12743 2232
-41518 24419
-105702 -55148
-13149 105578
-28294 96501
26241 -22004
-45769 93001
101180 -38651
108672 52908
33459 122006
-106678 -14579
-31947 -96735
-3072 -69515
-71504 12896
22156 -8809
-91883 -103481
-82769 100336
52011 -27323
-119540 116791
486 -99649
110865 -48315
-8847 9577
37083 72019
92612 -120591
108799 -84251
-115733 -54764
75044 -68152
77871 -16622
-36841 -31104
-87188 -81094
-9569 -20339
-31860 -8752
-48058 115173
56603 123623
100709 -124295
100833 62670
-87182 53823
97213 -109246
-100620 24489
39219 -117717
-83908 -39906
-8415 106083
120436 -58273
-89032 30430
-85199 73219
44785 32267
45126 11578
-72986 31859
54912 -16231
279 2607
46889 -62454
-90570 29301
-97473 73660
54735 -26690
-121665 -78681
29484 -38155
76395 87648
-13973 -71409
87111 8344
-85785 -105785
-47417 -100909
-118329 4944
-121516 -16381
-110717 55483
106244 -66037
-97975 26704
-54060 -85377
126253 5569
-12274 -102145
36988 69375
79447 -6157
108984 -52890
55753 8049
