53
-26008 -19765
73097 -86965
61733 58379
62336 -57654
9276 -40939
18431 67438
48942 -97558
53265 72796
86599 49472
-48080 66897
8210 -48093
-83996 -40169
64546 -63603
-61757 28214
-13221 -53657
-81086 69851
61278 48089
-42308 18985
43832 -60748
-24354 -54005
-62860 -18380
-27271 -46758
34026 -97500
97699 -89677
54933 -74054
-15942 98194
23628 37863
64638 -47687
-65924 -45615
-8690 -70224
-90203 40018
8631 -77058
-91469 -73640
95854 3171
99662 85532
76610 49695
-26876 60073
79170 484
-98348 -38191
-11186 29919
1202 20374
72651 46177
48260 -34610
26838 -76335
-2883 11472
95593 307
74364 13843
63878 66916
57332 -60076
-38963 18054
-89380 -65598
-51527 16785
39794 11888
