90
-574 126313
65341 -110850
-127925 121800
-3619 127426
-93035 52479
-5806 83938
-11730 23838
-120705 10935
-104249 -103164
80013 -131720
-92470 -11091
-44915 -123925
-8680 -114746
-75625 -67592
-66804 -4074
68605 90034
127941 81037
48864 -17713
73935 -134161
-59384 103083
79297 -40376
32723 -95453
-44495 -57682
-16497 88680
121223 -14795
1124 125024
39473 118700
-84343 125281
60672 7226
59019 -112157
-18615 -60198
-13474 23169
124850 -87818
-83584 -57475
-44590 113183
102576 4167
132224 131429
94346 -116242
130383 17171
56633 -121874
111714 -75795
-44809 16062
94159 72305
-60710 -48874
-109262 -19895
-127 128544
-67818 -92311
81205 -21157
96398 90946
124281 50500
34100 -2196
95816 42423
-38879 77224
65349 128280
-27673 96535
-110441 -114266
-22595 -37373
-15655 60987
32303 -19353
-575 51106
6983 -42578
-33343 -96628
64717 15256
125549 -10748
-70417 -46614
-114913 28581
40993 73841
-53138 -92104
129032 -79298
11402 -34813
45133 57301
-24630 584
20531 96379
87182 -129808
-103272 133371
110918 -128428
-129921 -122897
-97609 107932
-97945 -33317
-53659 -60963
40861 115389
-5046 130208
43742 -132148
109402 62561
-32609 -115186
26245 -116612
-78983 -114271
12697 134028
-445 -100372
25424 -92925
