61
-64850 92915
-46622 -808
109083 57073
79748 -69287
-73472 -75978
74135 64049
-47537 65249
868 -59538
101368 -89980
1795 25576
25811 -92236
42504 -40771
54515 -81040
50488 88941
93822 -99956
-95455 82358
16064 18857
-34255 -62238
96359 -90310
62262 103612
81721 10
-20873 -24674
-11871 -51397
89126 -21606
-19238 -76163
-93968 -32804
51958 41176
4444 -40453
-81554 15913
-75695 95971
-59505 72177
62210 -38656
42936 75518
25392 56028
-101991 85906
-96692 87956
-95781 47256
-67190 37782
41327 -65525
-59100 -3615
-61330 -26056
77934 94863
14707 -22537
11383 -90934
-78060 -64292
102192 -8161
86822 15570
-29874 -13869
-5291 60318
22242 -18731
-73895 57352
-66569 76074
53819 44157
-85866 42815
18624 17421
446 -20749
1444 -56987
49233 -86196
-91427 -8002
13381 16874
-49344 22333
