60
-14566 -70044
3966 -89603
-52063 -95539
37521 -12492
7065 -39056
-81275 -68515
65450 -12783
76810 84436
20318 -81957
-3822 -5761
78068 91103
5555 26406
82091 -90759
8019 -78506
32864 78807
-94592 -57549
-95714 38863
-59757 43073
-101749 -94882
-50325 77843
1927 89683
104858 -53670
-107173 105933
-66147 10476
-65244 25344
-24159 -5650
79361 -50353
107120 -99860
-53518 48124
-73842 86397
-99289 68143
-95710 81767
50247 97135
-7885 3804
74887 89719
89658 -43772
-103263 31195
9718 87483
9914 37457
36233 -79018
-633 29932
6222 75133
70589 77191
98763 -20335
-11886 -21019
27613 -37964
16780 17782
-56832 -26114
-42459 85316
44021 -47508
73999 9714
-92772 -70312
13042 -39355
94758 -73668
22731 1495
60702 -59111
65409 99423
-65833 103030
-43080 93307
1542 -105158
