70
-67583 57283
-28461 -115917
30090 -24522
61107 54306
70038 99942
-59638 25433
-90314 70873
-85247 23901
40572 26858
-32684 72821
113916 78945
-20780 -27187
-79130 66930
108728 114631
-33153 -80314
-102552 -82737
18478 17781
115610 38671
-39604 57728
-25774 17182
-1645 -85652
116202 32661
-93199 -80308
-82285 -63792
26610 18625
23299 104975
71743 -90339
76575 -84097
114359 89448
77393 -23703
12905 -66980
-89219 8039
-81862 -100124
115552 -16131
-77562 48702
-56066 -104809
-48986 -111619
106853 42872
19934 -75274
40178 -59310
101763 867
68994 -49069
111832 1393
89915 40304
-65733 -108217
-35916 -72277
59297 -16636
108446 -96659
-117799 66820
87343 99177
68412 -17208
-60582 -88602
-41526 -70515
33872 32355
15669 -93748
-93729 111473
99279 49153
17591 107214
-73995 20999
28818 -33089
13216 -48912
24795 14098
-107281 115550
-101420 -28844
-70105 -83419
108454 41915
96832 9677
14100 -83602
-115908 -38216
50244 109175
