100
-74549 2460
-62659 75719
113659 -117983
-81611 135122
-43145 32337
-35843 -132437
-41315 -44068
83269 51871
-23047 -70292
11532 15426
120028 -76462
129991 -32947
38604 53123
-113365 109581
-116623 -73731
119411 69135
8650 -11875
79841 -3379
-49218 121215
-119193 -115796
-127932 117435
92917 23052
-13254 -52507
92619 -101808
137472 -102624
-65894 -18635
44934 939
51452 -61871
80780 -65002
-20957 -59144
-123393 113250
-71509 -93015
100050 29450
-125077 70790
-55953 122607
-11628 32786
68194 93720
120952 -101407
-42048 47397
-127458 -16382
50826 70029
81548 2204
-95680 -125703
121206 12879
-91225 -40557
106447 -73655
70684 82232
58411 129316
-16602 -95090
-68910 -44001
77759 -10685
26550 -93881
54850 -27287
-124195 109067
96121 98699
120805 6818
80404 76387
19543 121761
-37733 -45861
82463 -131489
-18726 60574
45591 61291
-134414 87061
-96739 -56921
64610 35817
-126904 -114120
5058 -69213
-15563 85719
80172 -25188
-131446 -111783
68113 -5277
-100261 4328
26981 -40393
-65341 108272
-18690 91044
70771 -8365
80608 -22247
-9241 25631
129459 -105409
-83549 102812
-134894 -129726
90233 -97945
-11130 -109293
-138689 3085
117372 83519
22822 -116581
-53466 -85243
-59061 119130
7173 -55710
-48170 -97627
-138678 -85558
93255 -8849
84531 -114708
-131125 -34977
8283 -122641
-138724 -98147
110547 -101370
44771 -50840
57176 139945
-26808 -78681
