53
89535 16079
-3399 63031
-96840 -29947
-7529 52372
98349 -101720
-61891 -40746
749 -97701
96144 78617
73781 101356
95493 -46323
60137 44142
-7068 -98075
36052 90741
79967 -1091
41834 -19357
-76392 34596
28378 -54362
59739 839
97984 -77922
75111 -16673
69493 72217
13336 -48150
-70752 -60596
-57921 -79202
62274 -84968
-97144 70562
51270 -19687
83392 16126
34567 -38273
99158 62790
-64775 -45010
60570 -65467
-96624 75456
9191 -101881
59241 40037
101178 15476
61840 33697
36426 89888
-16151 48142
99725 -20251
94858 82744
37896 -19757
40700 -87215
94461 64220
-97455 -86182
-6731 2619
102086 -64196
63610 86302
102695 19441
53938 20356
29881 -66210
-79214 37250
15697 90404
