78
75892 -30639
-79457 -84729
4312 48868
18285 111272
-62125 -40713
63428 42320
31596 -81147
-33965 102192
-20894 -45300
-48467 -53185
70190 73667
91185 72510
52969 19812
86028 -101664
2053 -59181
113561 -35868
31534 84171
-106857 -87211
7583 9016
1124 41805
855 -59867
120639 -7640
85052 25348
79729 -51614
11581 -102173
76010 -10422
108375 -110322
846 -68271
5222 51500
81924 -62663
-37120 -34707
101238 124881
63141 6823
-48010 106485
101222 -107409
17419 -91610
-103728 96886
69488 -6815
-44809 99734
-45339 -3491
-93833 69413
-120161 -22089
24671 -86658
-286 104143
-124014 63756
-34580 -115677
85572 -94919
-85600 36137
123023 -40811
55585 -124738
7746 -94956
11987 39651
-96020 96063
-38622 -32280
14856 -34819
100366 71207
13885 -19499
93672 77503
-16920 120861
84733 -116484
-69506 34074
84037 -27983
12650 -114227
47424 106943
-116826 50462
25026 20266
10710 120556
55938 72456
-8865 -25940
46289 -46672
4864 9715
-97607 56507
-122975 13284
-105436 5532
-38878 -52695
-55382 38820
57287 53513
32831 56015
