76
-77409 12942
-1201 83127
-19713 -7899
-76277 81686
-38593 -89084
-120238 -24824
8115 60600
35843 104587
-106583 -62830
117077 -112524
108087 -115007
-23670 52766
12177 -93053
-87106 89746
-121776 103889
-10346 16086
-29458 867
17628 -72483
84024 15939
-111791 105367
-32436 -34311
-111026 10125
104226 45557
89498 53310
37265 106026
13597 92036
47948 12094
67089 -94282
-50920 -109242
-56366 -53032
93783 -9482
-81408 -114314
61807 -33255
23927 -87077
72912 52593
-260 -66956
63926 -96234
-94038 -57522
-36655 -58083
90135 -34426
283 -57701
77208 72634
-35149 -57987
-121204 -100477
-2624 75496
74555 118063
95641 121124
4474 101498
-17062 -76932
-55011 77496
69880 -9325
-64348 -27417
-94357 72890
-108528 -71100
-28741 -53719
-64239 19738
-103808 -53166
57093 29407
-4322 63891
68678 113406
114109 -102091
-107353 3443
67119 115210
8992 89366
-8185 -20145
-70783 9905
-8749 -113060
-5715 -7628
49037 -106958
-25724 -38902
64327 -104196
-71161 -103218
47777 80708
102885 18742
114103 -79465
107480 75065
