50
-10648 -98740
84344 -33061
-61961 383
-64783 23703
9061 41865
62299 -52084
-34740 -86152
92557 47000
-37841 -22180
-22987 28722
31587 39289
-45946 6996
94406 85897
14149 -15124
-80250 50248
62479 93404
-14986 -95776
6538 -31187
-67719 -90776
56826 10797
72425 37591
74763 -3160
23764 -20751
93802 -71310
-8404 15727
43797 -74770
89684 72619
7001 8914
-95723 26636
9779 90619
-22862 -76979
76065 74065
57713 -3568
23370 73599
-82515 49688
3693 -55067
31898 11007
-39197 89085
-65418 -9018
50889 -20865
-93729 -52265
88140 58431
-25929 65325
72307 -68677
74558 18592
15898 -63345
-90756 -88457
66049 80290
-86732 -21980
4901 -66284
