66
-24107 -64251
-65294 60901
71041 79423
36235 -60069
107032 86686
79776 60862
-100607 -98571
-41236 113709
30151 -81507
-91516 111625
90588 -7521
15504 106046
85605 14174
75868 94299
-105180 570
50055 42775
-14275 -6129
103221 53587
9292 11513
3289 -108499
28985 59073
-61601 80663
-68070 -114389
61666 -73646
53468 16574
81416 27963
110717 -55671
28493 -87785
64798 -99553
-8499 -53925
-109800 -2796
100358 -54588
-23478 78252
4171 86408
45606 -31755
51128 -74193
114734 82052
-113091 51098
-7321 54155
63227 10110
-86500 1933
-91290 40220
-84120 92843
-67222 -99640
5891 -32078
-67460 67873
-59112 87764
53340 103522
-83652 37896
83985 58752
-71801 9006
-13012 80745
-42381 42267
-82193 50915
92322 34953
105262 -46817
-112992 -31474
12518 8334
-94878 85860
-45307 -110192
-60230 50407
93942 -7644
-82875 -10874
107285 -57848
-89599 -111611
-2025 -101679
