41
45123 66967
-55004 -60690
-8543 5160
-6649 54845
-66610 -26465
25419 -66012
82920 -15924
35699 20393
-79291 45849
8102 -32320
-48338 -84570
-36221 64174
88418 -27607
-75779 52608
-38211 -72079
16627 83409
88498 27398
8918 40342
89682 -79971
66024 -31128
75253 1896
-25552 -34059
70828 -18617
-37477 -73384
-64448 -41057
5160 -61249
-77269 -63958
42965 -68007
50061 85676
87140 7977
41632 -8124
-81936 2903
-49605 -49555
23753 -11419
78848 -27786
55152 2676
30007 55232
52318 6701
-70245 -29441
-21476 -46177
47310 30252
