79
-74334 559
-43196 -118460
7646 5231
-124326 -86345
-88737 37955
83992 12418
44180 -124498
10666 33563
21405 99836
-23344 -80428
-6690 10748
21942 -80718
120246 -81241
73344 64891
-24015 41464
1399 97924
39828 124965
113811 -75377
39995 120390
106219 -108086
116974 -74234
-10575 30783
123707 88939
38701 -89433
-10211 88199
68845 -3619
48512 -14794
-115268 78687
37905 -60058
71182 -56271
-33370 -109444
67717 -100331
-55652 61029
26785 -66840
-51580 79026
107859 80168
44323 105417
106106 30575
48923 -11449
110633 23584
-56946 121660
-9791 8514
41734 74886
59337 7968
-72332 -28609
6349 -17810
4254 67374
110839 26665
110402 9707
55672 -42760
-76201 32405
-39768 98971
-71884 95743
55739 70308
71538 -42804
-115387 -97867
97987 -103936
-54800 102598
-48930 -42515
-76040 125460
72981 108556
6661 66204
74271 -84279
-5258 26436
106768 73879
-22830 88323
-72270 -85845
99929 -98874
-15495 -118067
109735 -70510
-41560 49107
-84784 -3624
-45991 -95714
52782 -57418
28232 87030
-45782 109711
113634 -38109
-44997 87609
11509 49440
