85
-78742 -84010
40300 -58858
-41523 -13503
-115556 66690
-77494 10688
104506 49010
43877 -42100
61023 96901
42461 -68272
8817 21019
-49045 56525
-71157 96236
68094 -69991
16140 102170
39262 -33136
-12414 -100614
-58352 -77444
65524 -92611
-26808 83252
116461 29296
-4740 -50048
14222 -98342
-8061 -37819
-94804 125322
-113831 -6609
-68296 -104421
41037 -39642
1459 -49598
-45533 72570
-83583 53890
78820 -71205
51323 -11252
91339 -8716
-11443 47996
-559 18123
113759 91698
-58356 -70684
104102 102803
78601 -80056
-123210 -108915
248 101397
-23727 69338
123051 -49716
-81034 78251
-130336 97635
100657 22280
19847 112014
-90960 54981
-92502 71690
-14060 101636
50758 -64951
-37701 58137
-129243 -68735
42435 109583
-26458 -92763
-95431 95196
-45274 27518
107808 65408
48074 111463
-69954 126363
96019 -35634
114446 -26772
30578 -43907
-34219 59441
-28838 -123811
-66479 117407
-26074 -77285
-30966 -63668
-51972 -119641
-81525 -16708
80451 -122222
-22774 -51567
-41792 -32624
-130024 -81845
-79966 -10440
-111870 -5163
-2426 26811
-27202 7711
71845 14203
127345 -51238
6656 -110516
-81121 9679
-64459 -59925
120503 87326
43660 -127470
