79
85132 -70713
-56661 51122
14218 -66407
-100757 -22167
103221 12300
-72915 -34252
32560 -106273
-96224 -86044
9305 100758
-45610 -13142
18496 -65827
36254 -64813
-39051 -103574
-5541 -27396
75392 -50991
-17096 86090
31112 91220
-56649 -82304
-69323 31845
72493 -6341
93851 -59350
-70281 -117306
-121062 -83693
-14521 88474
-43543 -66011
-15526 55286
95557 -32508
70 75115
19825 -113959
175 -51060
-47782 -14721
95916 99092
-18924 -124046
54603 79982
-22045 99807
90433 -62765
-31815 42814
-69419 -60530
-119643 116045
63231 -65840
64244 38743
-86501 -96606
-77362 41775
61502 87033
-42797 90492
5235 76321
72074 48098
115621 113510
-98708 3189
-16097 -32671
76226 -21185
-39616 -11510
18310 91407
35094 -38355
79273 -18973
31019 -81327
-70502 -24663
110036 48690
-82759 21552
-15020 25978
118092 77230
104986 70582
106379 -55388
-87544 37275
63855 92264
120689 35880
62308 25775
23323 -62960
79489 31081
7111 87331
124586 -24402
111951 30670
28604 -8487
30957 -1806
-24436 21702
-81045 67551
-107878 77491
51983 92159
-124772 -38177
