67
52025 78063
77959 -89408
96815 -74028
99818 -43149
16820 -44865
69050 75247
-95170 50027
28151 111946
-109464 -111488
64909 -54089
-115036 7126
111165 3520
8451 68958
-35423 -77960
-94799 -30425
-36374 79308
-81542 89791
88444 -55854
-99826 -109577
19968 14845
44422 59389
-65667 36258
55568 96691
-13291 61895
52563 -2832
106745 76306
38043 -89657
23175 65021
97115 8011
-69385 -49542
67844 -54752
21853 103270
31672 -9875
13826 -70149
54737 -75914
-32711 -3164
-38719 -75669
-24012 -34277
42828 -48082
115712 86045
-94564 -26764
110602 21714
-3856 37593
-95916 111321
103501 -36735
-22086 71161
65890 -101983
-58653 -106318
-55086 112914
-9752 -112778
64494 69140
103687 -33624
23256 23748
-40524 -52275
85691 -83403
-27808 -3187
-111725 -49158
-92791 -108168
-85592 17835
75450 -10472
83217 16377
-18174 8924
-30062 55119
-107087 -37440
93738 -66669
84182 -2683
-96295 -59487
