68
-16968 92864
-57374 -115726
53214 -45640
91781 3848
80743 32370
102818 19960
16817 38003
-84941 115698
62795 -60870
50443 29829
11556 70586
79135 -70192
63563 -9449
-55982 101083
-18328 -34843
53217 -17859
-23151 37213
94712 -18941
-16469 61253
35709 22150
106040 -72121
70615 61779
-109343 6879
76774 104367
-25424 2595
-71466 53264
-4815 -26987
105602 -114482
-21157 61805
-39498 116570
52448 36622
-63979 -76812
22685 72263
-20420 58256
-107939 24028
15129 -69820
12092 -44172
-79133 -114490
85031 71981
-54186 -36745
-75957 -95713
55566 -5453
57670 100010
-92709 23332
-63524 4061
113397 87897
11696 80756
57503 107107
-7478 -9622
111212 -16939
-83973 -86115
-82853 96078
-63426 -55108
-108115 50089
-23112 -57469
106209 -55061
59326 89752
-85366 22836
34958 101207
20869 -59021
99332 30949
77087 74997
58629 -47503
-108099 25594
70304 -60173
-20035 5550
24293 115272
45811 1160
