40
-73093 -25638
-13288 -60770
-80108 -6869
-66014 22891
31209 78835
-68277 -70201
51869 -4817
-13004 -21869
-12768 36316
-51475 64425
-24854 -26847
-76718 49338
79357 -67351
58829 -80508
-54984 78014
54042 -14658
29822 38237
42174 87040
81994 82577
55274 -12421
5882 37197
46587 -23552
68667 -37620
-20480 -18090
-16722 87981
14447 86327
86690 -21003
-51685 -5605
8559 3093
-36322 -1180
-14090 -4731
-45635 -58782
-45073 418
49498 11373
-76837 6403
2362 63006
54545 -23542
58365 78876
-9628 25009
-612 -70974
