80
39223 112246
-100072 68478
-73340 33034
119050 -41531
55667 119238
78227 112071
-19800 -93261
-93473 41330
15071 -123235
-79634 55855
20752 3908
91735 -2364
14483 13260
48952 -50821
-107170 -94510
-107579 78386
57250 46764
-94861 -27804
31544 -68646
-9381 -68816
105903 -121924
108717 -101476
-54231 100910
109903 -77432
-8084 106812
-56674 -72105
10297 55114
121408 -14830
-58429 86131
-1463 -41234
-79231 8268
-125319 -3236
-16979 -73481
17368 99998
29131 -57911
-126091 119429
-81685 -98439
-67049 115785
120429 -113654
84458 65905
105436 126482
30273 78698
59535 -66124
81964 -27484
115526 -32997
-75080 118749
94870 120862
-122507 -65423
-22909 -41653
-85830 -34852
-36684 -96562
-94456 -47743
82093 121287
58847 15964
4508 -80841
-78483 -100607
26108 -77865
46509 -121783
5662 -38492
90905 -101224
-115775 -21489
-20686 83122
93480 -88204
7759 109026
12336 81822
46672 89935
-23284 76938
-15356 46131
50867 -68325
34100 -70018
58877 117419
79392 66659
96166 38153
53222 14838
70126 -18885
-39788 -46341
33858 -70851
37136 33825
-62143 42834
-50068 -14829
