51
-85103 -88491
40281 96763
845 -2937
60732 -83425
-89462 -88351
-93872 -4564
42191 -56772
-80017 4999
-41749 -30777
-33702 -86853
9781 -50174
41110 -93849
27044 -96134
-7883 92398
24069 100843
-96766 -70437
100536 25532
-91408 -25341
-83774 24548
1397 68200
31540 -42570
-51413 88766
-86597 15816
-33852 -98064
-59645 17541
-74437 11422
81663 -62795
42970 8774
28893 -74891
-27274 -68972
-57874 85928
-555 99743
91635 72785
51212 -86578
-28629 18652
10267 91648
-23708 -55639
100497 -28088
-33001 27848
80168 -98018
-60036 66932
48224 -42949
-82304 4936
-28614 -33594
75102 71725
-37386 -90032
94873 23001
-31600 20049
-76314 -10339
-8349 47397
35587 37233
