50
-62396 -81819
-80136 -59703
-22164 22472
-80724 45159
35782 59218
-12276 -52619
63091 26929
64526 -44152
57873 -64030
-89388 15618
33507 86183
1637 -51344
96119 87258
-18593 97712
15442 48510
-59149 -86149
-32074 79916
10758 99104
39153 -6805
39033 -25638
-93940 -42044
-7452 -41835
-9841 -81224
36258 -35470
9428 -76524
-55308 97320
-11365 -87778
1938 32771
-56961 -67033
55493 -94482
-34773 -55296
-21127 -37190
-45301 -20364
35838 83751
-57029 92255
2596 -84541
-72069 -895
-11491 -94456
64370 -92783
-96090 -96242
-31501 94869
26297 15043
47870 20906
-29395 821
-44165 -12073
-43964 -54226
26356 -60677
-31526 -16219
54605 40638
10397 61189
