65
37449 -90076
-36615 -56805
15121 29802
-98199 -7150
91898 71795
-11512 60302
13111 -49689
91263 73836
37309 -105656
-23234 60142
-61909 -84972
-13256 -94033
-76343 -67411
-21385 -90604
-47282 -48698
36578 237
-110764 -107096
15006 79673
99711 63570
-29276 46837
-90827 37177
-80914 28049
-93130 112772
2766 86328
39611 -66921
107260 91994
102688 -96174
-121 76544
-16721 55802
-53686 -92523
-66816 17056
-24585 20996
5229 29383
31830 -110552
76401 -40493
57803 93234
6956 -12821
-8136 -55508
23102 84908
-57220 28120
88465 -102346
55759 13386
-12381 -50533
-90060 48054
-76888 -28639
-110485 -63661
-8447 -57354
102523 -93015
11524 -63729
-104010 -104091
91238 92590
18965 -52046
83088 -18900
69101 17675
102299 59186
-94717 -55522
67201 -109705
17100 -63784
-79243 27447
-50247 69994
69868 -112292
-91923 -99767
74870 72584
66857 111106
-51357 87313
